3
 9.9999999999999992e-002
 1.0000000000000000e+000
 1.0108729379618104e+000 -1.9863472253466799e-001 
 3.5305800977120122e-001  4.5403429150160241e-001 
 1.0000000000000000e+000
-9.1709525166890360e-001  2.8441757537344292e-001 
 5.9531844137917089e-001  3.8989254162811060e-001 
 1.0000000000000000e+000
-9.3777686292906434e-002 -8.5782852838774959e-002 
-9.4837645115037206e-001 -8.4392683312971295e-001 
3
 2.0000000000000004e-001
 1.0000000000000000e+000
 1.0411595586300937e+000 -1.5268274567152321e-001 
 2.5498184010084518e-001  4.6354542055314890e-001 
 1.0000000000000000e+000
-8.5055330671943974e-001  3.1999770744600564e-001 
 7.3697555465136211e-001  3.1534488270517935e-001 
 1.0000000000000000e+000
-1.9060625191065383e-001 -1.6731496177448249e-001 
-9.9195739475220746e-001 -7.7889030325832809e-001 
3
 3.0000000000000010e-001
 1.0000000000000000e+000
 1.0622765589404244e+000 -1.0613307138710770e-001 
 1.6910204917112454e-001  4.6675952451972919e-001 
 1.0000000000000000e+000
-7.6963758470637156e-001  3.4602852668853340e-001 
 8.8016893201459390e-001  1.9725036773275811e-001 
 1.0000000000000000e+000
-2.9263897423405272e-001 -2.3989545530142570e-001 
-1.0492709811857186e+000 -6.6400989225248730e-001 
3
 4.0000000000000019e-001
 1.0000000000000000e+000
 1.0752669050712902e+000 -5.9417768240348404e-002 
 9.1825568161369137e-002  4.6731243084222640e-001 
 1.0000000000000000e+000
-6.7514174362235602e-001  3.5780648086159478e-001 
 1.0045013600677020e+000  3.0457966913839368e-002 
 1.0000000000000000e+000
-4.0012516144893395e-001 -2.9838871262124650e-001 
-1.0963269282290711e+000 -4.9777039775606569e-001 
3
 5.0000000000000022e-001
 1.0000000000000000e+000
 1.0808025240784063e+000 -1.2690975234562066e-002 
 1.9374590346285234e-002  4.6721418731154035e-001 
 1.0000000000000000e+000
-5.7020359365687401e-001  3.5082010955202214e-001 
 1.0851743894864734e+000 -1.7465024282977798e-001 
 1.0000000000000000e+000
-5.1059893042153204e-001 -3.3812913431746011e-001 
-1.1045489798327586e+000 -2.9256394448176221e-001 
3
 6.0000000000000031e-001
 1.0000000000000000e+000
 1.0791761749098550e+000  3.4031090991434247e-002 
-5.2045650733274405e-002  4.6726320821046941e-001 
 1.0000000000000000e+000
-4.6008845189268083e-001  3.2254605831426714e-001 
 1.1072269854318300e+000 -3.8944930362250707e-001 
 1.0000000000000000e+000
-6.1908772301717352e-001 -3.5657714930570150e-001 
-1.0551813346985557e+000 -7.7813904587962168e-002 
3
 7.0000000000000040e-001
 1.0000000000000000e+000
 1.0703013692991992e+000  8.0760041065897473e-002 
-1.2622697069569233e-001  4.6722829520723713e-001 
 1.0000000000000000e+000
-3.5049049161197132e-001  2.7376787664806795e-001 
 1.0779649449158417e+000 -5.7959251762743891e-001 
 1.0000000000000000e+000
-7.1981087768722718e-001 -3.5452791771396552e-001 
-9.5173797422014972e-001  1.1236422242020191e-001 
3
 8.0000000000000049e-001
 1.0000000000000000e+000
 1.0537122172435140e+000  1.2743162962393556e-001 
-2.0696387586761253e-001  4.6579493292686724e-001 
 1.0000000000000000e+000
-2.4536324556684619e-001  2.0821066106953340e-001 
 1.0227199136821690e+000 -7.2287622425326714e-001 
 1.0000000000000000e+000
-8.0834897167666730e-001 -3.3564229069346901e-001 
-8.1575603781455686e-001  2.5708129132640001e-001 
3
 9.0000000000000058e-001
 1.0000000000000000e+000
 1.0285654164294746e+000  1.7378491336113089e-001 
-2.9798587552406025e-001  4.6027600398317881e-001 
 1.0000000000000000e+000
-1.4587559268098232e-001  1.3093011554948419e-001 
 9.6928642876146442e-001 -8.1435210818503145e-001 
 1.0000000000000000e+000
-8.8268982374849203e-001 -3.0471502891061503e-001 
-6.7130055323740434e-001  3.5407610420185298e-001 
3
 1.0000000000000007e+000
 1.0000000000000000e+000
 9.9365887827232580e-001  2.1920113024655155e-001 
-4.0265715686505793e-001  4.4610168863532701e-001 
 1.0000000000000000e+000
-5.0782630438650632e-002  4.6914715081889678e-002 
 9.3720177340895738e-001 -8.5858157938757240e-001 
 1.0000000000000000e+000
-9.4287624783367496e-001 -2.6611584532844113e-001 
-5.3454461654389984e-001  4.1247989075224589e-001 
3
 1.1000000000000008e+000
 1.0000000000000000e+000
 9.4750306777763993e-001  2.6248404580428208e-001 
-5.2316457582031617e-001  4.1619096718106124e-001 
 1.0000000000000000e+000
 4.2597011686002530e-002 -3.9377951830953072e-002 
 9.3579346241845185e-001 -8.6039255906661172e-001 
 1.0000000000000000e+000
-9.9010007946364242e-001 -2.2310609397332870e-001 
-4.1262888659813601e-001  4.4420159188555103e-001 
3
 1.2000000000000008e+000
 1.0000000000000000e+000
 8.8851540906113713e-001  3.0158558613841530e-001 
-6.5879924105536491e-001  3.6059141148545004e-001 
 1.0000000000000000e+000
 1.3742066663120592e-001 -1.2376365643737236e-001 
 9.6543571985153542e-001 -8.2002213761647680e-001 
 1.0000000000000000e+000
-1.0259360756923435e+000 -1.7782192970104255e-001 
-3.0663647879617051e-001  4.5943072613102742e-001 
3
 1.3000000000000009e+000
 1.0000000000000000e+000
 8.1544454865164895e-001  3.3334841633260226e-001 
-8.0308678689623580e-001  2.6742770028557883e-001 
 1.0000000000000000e+000
 2.3644762910692804e-001 -2.0182582118987810e-001 
 1.0176358647448318e+000 -7.3292186770167589e-001 
 1.0000000000000000e+000
-1.0518921777585770e+000 -1.3152259514272366e-001 
-2.1454907784859584e-001  4.6549416741609767e-001 
3
 1.4000000000000010e+000
 1.0000000000000000e+000
 7.2810992670321262e-001  3.5348507164169912e-001 
-9.4070042428280221e-001  1.2702956373460667e-001 
 1.0000000000000000e+000
 3.4108973268888138e-001 -2.6861739222784980e-001 
 1.0737635195657595e+000 -5.9418571429824885e-001 
 1.0000000000000000e+000
-1.0691996593920938e+000 -8.4867679413848734e-002 
-1.3306309528295743e-001  4.6715615056364285e-001 
3
 1.5000000000000011e+000
 1.0000000000000000e+000
 6.2831506176030472e-001  3.5718706044821319e-001 
-1.0480006550730723e+000 -5.9722684627015112e-002 
 1.0000000000000000e+000
 4.5041936229232987e-001 -3.1904479960028936e-001 
 1.1064648798466816e+000 -4.0752251925254540e-001 
 1.0000000000000000e+000
-1.0787344240526346e+000 -3.8142260847923173e-002 
-5.8464224773609727e-002  4.6724520387956120e-001 
3
 1.6000000000000012e+000
 1.0000000000000000e+000
 5.2028716968176558e-001  3.4061797205142491e-001 
-1.1025868311279976e+000 -2.7360154867383402e-001 
 1.0000000000000000e+000
 5.6070845915527068e-001 -3.4919541407023136e-001 
 1.0895462606645219e+000 -1.9357942888547763e-001 
 1.0000000000000000e+000
-1.0809956288370359e+000  8.5774420188072208e-003 
 1.3040570463475150e-002  4.6718097755931232e-001 
3
 1.7000000000000013e+000
 1.0000000000000000e+000
 4.0976744652442193e-001  3.0268626160304440e-001 
-1.0989240810465155e+000 -4.8101785440838818e-001 
 1.0000000000000000e+000
 6.6633562186811512e-001 -3.5798687912748578e-001 
 1.0136813509535094e+000  1.3733841915334478e-002 
 1.0000000000000000e+000
-1.0761030683925368e+000  5.5300617524442215e-002 
 8.5242730093006036e-002  4.6728401249305435e-001 
3
 1.8000000000000014e+000
 1.0000000000000000e+000
 3.0188581063462888e-001  2.4566893255002314e-001 
-1.0541424030043760e+000 -6.5142974484747218e-001 
 1.0000000000000000e+000
 7.6191158774294987e-001 -3.4768656819629928e-001 
 8.9220690921851720e-001  1.8457955012545488e-001 
 1.0000000000000000e+000
-1.0637973983775788e+000  1.0201763564627694e-001 
 1.6193549378585845e-001  4.6685019472201789e-001 
3
 1.9000000000000015e+000
 1.0000000000000000e+000
 1.9935792563829194e-001  1.7411615377214038e-001 
-9.9662507737793937e-001 -7.7088392310625065e-001 
 1.0000000000000000e+000
 8.4408218149979708e-001 -3.2270764699398885e-001 
 7.4972500194431857e-001  3.0689426080851895e-001 
 1.0000000000000000e+000
-1.0434401071380894e+000  1.4859149322184942e-001 
 2.4690007543362053e-001  4.6398966229773220e-001 
3
 2.0000000000000013e+000
 1.0000000000000000e+000
 1.0214845091842632e-001  9.3172973297304229e-002 
-9.5111850813168708e-001 -8.4006260863008797e-001 
 1.0000000000000000e+000
 9.1187185967752504e-001 -2.8779439657999428e-001 
 6.0736071444995587e-001  3.8482981254046539e-001 
 1.0000000000000000e+000
-1.0140203105959518e+000  1.9462142328269100e-001 
 3.4375779368173098e-001  4.5523279608962319e-001 
3
 2.0999999999999992e+000
 1.0000000000000000e+000
 8.2303867367172732e-003  7.5889539551607385e-003 
-9.3240433257741162e-001 -8.6457574683006133e-001 
 1.0000000000000000e+000
 9.6596081616267826e-001 -2.4684571651354376e-001 
 4.7692478709306718e-001  4.2963212083152325e-001 
 1.0000000000000000e+000
-9.7419120289939609e-001  2.3925676255838399e-001 
 4.5547954548434422e-001  4.3494362599853847e-001 
