1 0 0 0 0.5 0 
1.0 0.005 0.0 -0.01 0.5 0.0 
0.9999 0.01 0.0 -0.0199996250117184 0.499950001874941 0.0 
0.999700003749883 0.0149995000187494 0.0 -0.030000124899199 0.499849986874567 0.0 
0.999400002500891 0.0199979998874951 0.0 -0.0400027496480363 0.499699907481204 0.0 
0.998999975004411 0.0249949989623071 0.0 -0.0500087501961141 0.499499687351792 0.0 
0.998499887502449 0.029989995835825 0.0 -0.0600193792651936 0.499249221216202 0.0 
0.997899693709797 0.0349824880479871 0.0 -0.0700358921946326 0.498948374731587 0.0 
0.997199334787851 0.0399719717953029 0.0 -0.0800595477785242 0.498596984292377 0.0 
0.996398739310066 0.0449579416382267 0.0 -0.0900916091075472 0.498194856795393 0.0 
0.99549782321899 0.0499398902061806 0.0 -0.100133344416835 0.497741769359439 0.0 
0.994496489774822 0.054917307899775 0.0 -0.11018602794118 0.497237468998581 0.0 
0.99339462949541 0.0598896825897608 0.0 -0.120250940778912 0.496681672248188 0.0 
0.992192120087621 0.0648564993122427 0.0 -0.13032937176581 0.496074064742684 0.0 
0.990888826369963 0.0698172399596695 0.0 -0.140422618360422 0.495414300743789 0.0 
0.989484600186359 0.0747713829671074 0.0 -0.150531987542222 0.494702002617881 0.0 
0.987979280310937 0.0797184029932862 0.0 -0.160658796724031 0.493936760260975 0.0 
0.986372692343696 0.084657770595896 0.0 -0.170804374680192 0.493118130469615 0.0 
0.984664648596894 0.0895889519005921 0.0 -0.180970062492023 0.492245636255812 0.0 
0.982854947971974 0.0945114082631503 0.0 -0.19115721451211 0.491318766103997 0.0 
0.980943375826853 0.0994245959241902 0.0 -0.201367199349057 0.490336973167739 0.0 
0.978929703833362 0.104327965655868 0.0 -0.211601400874367 0.489299674403778 0.0 
0.976813689824619 0.109220962399905 0.0 -0.221861219253185 0.488206249640724 0.0 
0.974595077632087 0.114103024896313 0.0 -0.232148072000683 0.487056040579517 0.0 
0.97227359691208 0.118973585302108 0.0 -0.242463395065964 0.485848349722519 0.0 
0.96984896296142 0.123832068799333 0.0 -0.252808643945417 0.484582439227839 0.0 
0.967320876521966 0.128677893191611 0.0 -0.263185294827536 0.483257529685205 0.0 
0.964689023573691 0.133510468488463 0.0 -0.273594845771304 0.481872798809417 0.0 
0.961953075115978 0.138329196476558 0.0 -0.284038817920352 0.480427380047074 0.0 
0.959112686936774 0.143133470277028 0.0 -0.294518756755165 0.478920361091946 0.0 
0.956167499369223 0.147922673887948 0.0 -0.305036233385763 0.477350782303969 0.0 
0.953117137035365 0.152696181710988 0.0 -0.315592845887343 0.475717635026465 0.0 
0.949961208576492 0.157453358061252 0.0 -0.326190220681548 0.474019859795743 0.0 
0.946699306369676 0.16219355665921 0.0 -0.336830013966108 0.472256344436793 0.0 
0.943331006230015 0.166916120103578 0.0 -0.347513913195763 0.470425922038269 0.0 
0.939855867098057 0.17162037932396 0.0 -0.358243638617537 0.468527368799426 0.0 
0.936273430711882 0.176305653011955 0.0 -0.369020944863551 0.466559401741091 0.0 
0.932583221263247 0.180971247029365 0.0 -0.379847622604765 0.464520676272119 0.0 
0.928784745037199 0.185616453792087 0.0 -0.390725500269214 0.462409783602077 0.0 
0.924877490034507 0.190240551628107 0.0 -0.401656445828476 0.460225247990197 0.0 
0.920860925576222 0.194842804108009 0.0 -0.412642368656316 0.457965523819773 0.0 
0.916734501889659 0.199422459346207 0.0 -0.423685221463696 0.455628992486341 0.0 
0.912497649675022 0.20397874927107 0.0 -0.434787002314517 0.453213959086999 0.0 
0.908149779651877 0.20851088886194 0.0 -0.445949756726742 0.450718648897173 0.0 
0.903690282084609 0.213018075350912 0.0 -0.457175579863795 0.448141203620017 0.0 
0.899118526285971 0.217499487387112 0.0 -0.468466618821392 0.445479677392347 0.0 
0.894433860097757 0.221954284161036 0.0 -0.47982507501526 0.442732032529683 0.0 
0.889635609347605 0.226381604486333 0.0 -0.491253206675507 0.439896134991467 0.0 
0.88472307728085 0.230780565836247 0.0 -0.502753331453702 0.436969749545869 0.0 
0.879695543966313 0.235150263331706 0.0 -0.514327829149114 0.433950534611827 0.0 
0.874552265674821 0.239489768677824 0.0 -0.525979144560851 0.430836036753992 0.0 
0.869292474229213 0.243798129045364 0.0 -0.53770979047307 0.427623684804058 0.0 
0.863915376324482 0.248074365893405 0.0 -0.549522350780803 0.42431078357963 0.0 
0.858420152816674 0.252317473729201 0.0 -0.561419483764335 0.420894507169091 0.0 
0.852805957979031 0.256526418800892 0.0 -0.573403925520548 0.417371891748122 0.0 
0.847071918723825 0.260700137718373 0.0 -0.58547849356004 0.413739827890267 0.0 
0.841217133788225 0.264837535997276 0.0 -0.597646090579334 0.409995052330465 0.0 
0.835240672882432 0.26893748652058 0.0 -0.609909708417945 0.406134139136551 0.0 
0.829141575798252 0.272998827911946 0.0 -0.622272432210569 0.402153490239434 0.0 
0.822918851476147 0.27702036281434 0.0 -0.634737444745169 0.398049325267876 0.0 
0.816571477028695 0.281000856067019 0.0 -0.647308031038216 0.393817670628488 0.0 
0.810098396718313 0.284939032773304 0.0 -0.659987583138869 0.389454347765688 0.0 
0.803498520886924 0.288833576250961 0.0 -0.672779605174355 0.384954960529802 0.0 
0.79677072483518 0.292683125856259 0.0 -0.685687718649306 0.380314881574202 0.0 
0.789913847648687 0.296486274672001 0.0 -0.69871566801224 0.375529237694239 0.0 
0.782926690968565 0.300241567048943 0.0 -0.711867326502811 0.370592894011653 0.0 
0.775808017703537 0.30394749598906 0.0 -0.725146702293772 0.365500436897977 0.0 
0.768556550680599 0.307602500358039 0.0 -0.738557944941875 0.360246155519113 0.0 
0.76117097123118 0.311204961913231 0.0 -0.752105352162094 0.354824021870499 0.0 
0.753649917709559 0.314753202131936 0.0 -0.765793376939554 0.349227669157985 0.0 
0.745991983940164 0.318245478823515 0.0 -0.77962663499338 0.343450368363484 0.0 
0.73819571759023 0.32167998250715 0.0 -0.793609912606273 0.337485002816347 0.0 
0.730259618464167 0.325054832535314 0.0 -0.807748174832876 0.33132404057102 0.0 
0.722182136715839 0.328368072941024 0.0 -0.822046574098927 0.324959504368506 0.0 
0.713961670974849 0.331617667984709 0.0 -0.836510459201564 0.3183829389331 0.0 
0.705596566382834 0.33480149737404 0.0 -0.851145384718996 0.311585375326367 0.0 
0.697085112535644 0.337917351127304 0.0 -0.865957120834783 0.304557292046857 0.0 
0.688425541327296 0.340962924047772 0.0 -0.880951663578095 0.297288572526003 0.0 
0.679616024691515 0.343935809773032 0.0 -0.896135245476243 0.289768458627367 0.0 
0.670654672236752 0.346833494359306 0.0 -0.911514346609312 0.28198549970702 0.0 
0.661539528770659 0.349653349356376 0.0 -0.92709570604835 0.273927496736451 0.0 
0.652268571710176 0.352392624323741 0.0 -0.942886333648082 0.265581440924871 0.0 
0.642839708373695 0.355048438732989 0.0 -0.958893522151758 0.256933446203823 0.0 
0.633250773152177 0.357617773195028 0.0 -0.97512485954897 0.247968674852023 0.0 
0.623499524556688 0.360097459943548 0.0 -0.99158824160624 0.238671255440637 0.0 
0.613583642140625 0.362484172497954 0.0 -1.0082918844638 0.229024192166471 0.0 
0.603500723295987 0.364774414419619 0.0 -1.02524433715895 0.219009264510356 0.0 
0.593248279924398 0.366964507064722 0.0 -1.04245449389521 0.208606916007353 0.0 
0.582823734985445 0.369050576224796 0.0 -1.05993160582479 0.197796130740569 0.0 
0.572224418927198 0.371028537532202 0.0 -1.07768529204759 0.186554295967309 0.0 
0.561447566006722 0.372894080491875 0.0 -1.09572554944939 0.174857049049674 0.0 
0.550490310512228 0.374642650982372 0.0 -1.11406276090081 0.162678106585648 0.0 
0.53934968290322 0.376269432048228 0.0 -1.13270770121285 0.149989073313813 0.0 
0.528022605891091 0.377769322781366 0.0 -1.15167154008588 0.136759227986385 0.0 
0.516505890490232 0.37913691506123 0.0 -1.17096584109034 0.122955282960783 0.0 
0.504796232079329 0.380366467890838 0.0 -1.19060255546704 0.10854111373678 0.0 
0.492890206524658 0.381451879028206 0.0 -1.21059400921881 0.093477454049302 0.0 
0.48078426643247 0.382386653568699 0.0 -1.23095288156653 0.0777215513976952 0.0 
0.468474737616805 0.383163869082676 0.0 -1.25169217233644 0.0612267770288527 0.0 
0.455957815893441 0.383776136852964 0.0 -1.27282515520316 0.0439421833671656 0.0 
0.443229564341409 0.384215558686636 0.0 -1.29436531289392 0.0258120006669036 0.0 
0.43028591121247 0.384473678693305 0.0 -1.3163262494126 0.00677506321363278 0.0 
0.417122648718344 0.384541429325441 0.0 -1.33872157300028 -0.0132358463256092 0.0 
0.403735432988341 0.384409070862185 0.0 -1.36156474182115 -0.0342947478637765 0.0 
0.39011978557013 0.384066123383547 0.0 -1.38486886213228 -0.0564833260862862 0.0 
0.376271096948807 0.383501290122684 0.0 -1.40864642580344 -0.0798919227288337 0.0 
0.362184632690773 0.382702370895396 0.0 -1.43290897028918 -0.104620681295177 0.0 
0.347855542987881 0.381656164082444 0.0 -1.45766663923615 -0.130780870736287 0.0 
0.333278876595519 0.380348355375081 0.0 -1.48292761545309 -0.158496419556131 0.0 
0.318449600440988 0.37876339117952 0.0 -1.50869738946194 -0.187905697644135 0.0 
0.303362626546369 0.376884334203079 0.0 -1.53497781558485 -0.219163589964212 0.0 
0.288012848390521 0.374692698303437 0.0 -1.56176589254491 -0.252443914124811 0.0 
0.272395189465071 0.372168259162189 0.0 -1.58905218555879 -0.287942242804249 0.0 
0.256504667609484 0.369288836734146 0.0 -1.61681878007798 -0.325879201842928 0.0 
0.240336479808704 0.366030044715717 0.0 -1.64503662122279 -0.366504325076082 0.0 
0.223886113596476 0.362365001464956 0.0 -1.67366204415411 -0.410100556675618 0.0 
0.207149493154935 0.3582639958982 0.0 -1.70263223448824 -0.456989498978624 0.0 
0.190123170810052 0.353694100908414 0.0 -1.73185926802875 -0.507537504986257 0.0 
0.172804578129765 0.348618725858551 0.0 -1.7612222569902 -0.562162703674309 0.0 
0.155192355559863 0.342997098821808 0.0 -1.79055696414234 -0.621343012098393 0.0 
0.13728678591844 0.336783668700824 0.0 -1.81964202227714 -0.685625112355917 0.0 
0.119090365695668 0.329927417577265 0.0 -1.8481805963226 -0.755634222134565 0.0 
0.100608559732442 0.322371075355919 0.0 -1.875775930093 -0.832084211643495 0.0 
0.0818508004315122 0.314050233239484 0.0 -1.9018987140007 -0.915787128791027 0.0 
0.0628318132915052 0.304892361951574 0.0 -1.92584359731132 -1.00766034382309 0.0 
0.043573377318392 0.294815758513343 0.0 -1.94667150279996 -1.10872808270047 0.0 
0.0241066622903924 0.283728477686338 0.0 -1.96313385761022 -1.22011172838017 0.0 
0.00447532371429024 0.271527360402536 0.0 -1.97357486804019 -1.34299941640256 0.0 
-0.0152604249661116 0.258097366238511 0.0 -1.97580950365691 -1.47857948819365 0.0 
-0.0350185200026808 0.243311571356574 0.0 -1.9669798743981 -1.62791373423349 0.0 
-0.0546883187466618 0.227032434014239 0.0 -1.94340479279683 -1.79171534974511 0.0 
-0.0741223666746301 0.209115280516788 0.0 -1.90046231386238 -1.9699862444906 0.0 
-0.0931269898132538 0.189415418071882 0.0 -1.8325899699843 -2.16146885447928 0.0 
-0.111452889513097 0.16780072952709 0.0 -1.73355427216187 -2.36290227506651 0.0 
-0.128788432234716 0.144171706776424 0.0 -1.59720838932171 -2.56818128316172 0.0 
-0.144760516127933 0.118489893944807 0.0 -1.41894655577785 -2.76773579554429 0.0 
-0.158949981685711 0.0908125359893643 0.0 -1.1978242644694 -2.94872960205169 0.0 
-0.170928224330405 0.0613252399688475 0.0 -0.938728865238129 -3.0967579944921 0.0 
-0.180315512982787 0.0303576600239264 0.0 -0.653303696991695 -3.19916218785707 0.0 
-0.186848549952703 -0.00163396185464423 0.0 -0.358369041702705 -3.24881696157247 0.0 
-0.190432240369731 -0.0341221314703689 0.0 -0.0719705536254192 -3.24631245080766 0.0 
-0.191151945905985 -0.0665852559784455 0.0 0.191015278348903 -3.19918998291016 0.0 
-0.189241793122496 -0.0985771558075471 0.0 0.421497504582171 -3.11890454318059 0.0 
-0.185026818076674 -0.129766201239353 0.0 0.61628982873188 -3.01743608332833 0.0 
-0.178863919789355 -0.159940562072636 0.0 0.776589430578409 -2.90501200011686 0.0 
-0.171098025483571 -0.188990682073805 0.0 0.90606601277805 -2.7892337181881 0.0 
-0.162037365355791 -0.216883019255686 0.0 1.00933145815743 -2.67516924022732 0.0 
-0.151944050774216 -0.243634711657959 0.0 1.09099146471692 -2.5658693343928 0.0 
-0.141034136127047 -0.269293405001887 0.0 1.15517716228377 -2.46295076772578 0.0 
-0.129482364504209 -0.293922912679145 0.0 1.20538237946605 -2.36708792022554 0.0 
-0.117428540709549 -0.3175937918814 0.0 1.24446346330704 -2.27837448008111 0.0 
-0.104983906076478 -0.340377536682211 0.0 1.27471048249017 -2.19656927789231 0.0 
-0.0922368012515767 -0.362343229461135 0.0 1.29794002920602 -2.12125472554916 0.0 
-0.0792574009595165 -0.383555776716626 0.0 1.31558586940062 -2.051934772603 0.0 
-0.0661015422655103 -0.404075124442656 0.0 1.32877801714443 -1.98809310717892 0.0 
-0.052813762094066 -0.423956055514445 0.0 1.33840790727674 -1.92922611375911 0.0 
-0.0394296830212985 -0.443248316652037 0.0 1.34518046559282 -1.87486022510471 0.0 
-0.0259778783653703 -0.461996918903084 0.0 1.34965499430038 -1.8245598634111 0.0 
-0.0124813284223665 -0.480242517537195 0.0 1.35227697799643 -1.77792986645943 0.0 
0.00104144135759774 -0.498021816201789 0.0 1.35340272063273 -1.73461480739978 0.0 
0.014575468563925 -0.515367964275787 0.0 1.35331840912256 -1.69429667415603 0.0 
0.0281086526551507 -0.532310931017347 0.0 1.35225487992096 -1.65669178501145 0.0 
0.0416312014543603 -0.548877848867461 0.0 1.35039908514778 -1.62154745221078 0.0 
0.055135192305838 -0.565093323389569 0.0 1.34790302587277 -1.58863868192191 0.0 
0.0686142225645657 -0.580979710208788 0.0 1.34489073954689 -1.55776506346328 0.0 
0.0820631299600346 -0.596557360843421 0.0 1.34146378897283 -1.52874791983038 0.0 
0.0954777678497629 -0.611844840041725 0.0 1.33770559359677 -1.50142774430005 0.0 
0.108854823785731 -0.626859117484726 0.0 1.33368486298906 -1.47566192120923 0.0 
0.122191672415621 -0.641615736696818 0.0 1.32945833113968 -1.45132271479668 0.0 
0.135486255727018 -0.656128963844785 0.0 1.32507294385996 -1.42829550324819 0.0 
0.148736985165618 -0.670411918877267 0.0 1.32056761648556 -1.40647723270786 0.0 
0.161942661330473 -0.684476691204345 0.0 1.31597465243047 -1.38577506611441 0.0 
0.175102407854778 -0.698334441865489 0.0 1.31132089285192 -1.36610520314056 0.0 
0.188215616783297 -0.711995493896895 0.0 1.30662865218055 -1.34739184956373 0.0 
0.201281903305103 -0.725469412392532 0.0 1.30191648237566 -1.32956631667282 0.0 
0.214301068128859 -0.73876507555926 0.0 1.29719979960251 -1.31256623358688 0.0 
0.227273066124884 -0.751890737895129 0.0 1.29249139994106 -1.29633485750451 0.0 
0.240197980124295 -0.764854086470174 0.0 1.28780188522966 -1.28082046885808 0.0 
0.253075998976592 -0.777662291158755 0.0 1.28314001585076 -1.26597584009311 0.0 
0.265907399135099 -0.790322049559686 0.0 1.27851300390014 -1.25175776833093 0.0 
0.2786925291741 -0.802839627242995 0.0 1.27392675753219 -1.23812666351364 0.0 
0.291431796749422 -0.815220893878132 0.0 1.26938608518108 -1.22504618479178 0.0 
0.304125657601233 -0.82747135572605 0.0 1.26489486669735 -1.21248291891708 0.0 
0.316774606268207 -0.83959618491522 0.0 1.26045619711692 -1.20040609526364 0.0 
0.329379168239376 -0.851600245867857 0.0 1.25607250772184 -1.18878733284034 0.0 
0.341939893316594 -0.86348811919626 0.0 1.25174566820344 -1.1776004152906 0.0 
0.354457349998629 -0.875264123349166 0.0 1.24747707305466 -1.16682109041895 0.0 
0.366932120729175 -0.886932334253355 0.0 1.24326771476521 -1.15642689124919 0.0 
0.379364797876827 -0.898496603165847 0.0 1.2391182459451 -1.14639697601794 0.0 
0.391755980336278 -0.909960572926027 0.0 1.23502903213628 -1.13671198485006 0.0 
0.404106270657641 -0.921327692774527 0.0 1.2310001967746 -1.12735391115634 0.0 
0.416416272625387 -0.932601231886091 0.0 1.22703165951935 -1.11830598604714 0.0 
0.428686589220581 -0.943784291746562 0.0 1.2231231689673 -1.1095525742732 0.0 
0.440917820910254 -0.954879817489294 0.0 1.2192743306023 -1.10107908039284 0.0 
0.453110564216277 -0.965890608293222 0.0 1.21548463069508 -1.09287186402705 0.0 
0.465265410523228 -0.976819326933493 0.0 1.21175345675408 -1.08491816320403 0.0 
0.477382945090768 -0.987668508565533 0.0 1.20808011503423 -1.07720602491645 0.0 
0.489463746241111 -0.998440568814698 0.0 1.204463845532 -1.06972424212014 0.0 
0.501508384696431 -1.0091378112359 0.0 1.20090383482929 -1.06246229649434 0.0 
0.513517423044723 -1.01976243420084 0.0 1.19739922709393 -1.05541030636372 0.0 
0.525491415315663 -1.03031653726448 0.0 1.19394913349853 -1.04855897925157 0.0 
0.537430906650648 -1.040802127057 0.0 1.19055264028045 -1.04189956859462 0.0 
0.549336433053453 -1.05122112274294 0.0 1.18720881563311 -1.03542383420274 0.0 
0.561208521209784 -1.06157536108497 0.0 1.18391671559112 -1.0291240060936 0.0 
0.573047688365695 -1.07186660114591 0.0 1.1806753890485 -1.02299275137306 0.0 
0.58485444225618 -1.08209652865964 0.0 1.17748388202919 -1.01702314386783 0.0 
0.596629281076472 -1.09226676009831 0.0 1.17434124131238 -1.01120863624886 0.0 
0.608372693489596 -1.1023788464608 0.0 1.17124651750077 -1.00554303441147 0.0 
0.620085158664603 -1.11243427680492 0.0 1.16819876760758 -1.0000204739029 0.0 
0.631767146340679 -1.12243448154395 0.0 1.16519705722776 -0.99463539820984 0.0 
0.643419116912957 -1.13238083552604 0.0 1.16224046234986 -0.989382538737595 0.0 
0.655041521536455 -1.14227466091342 0.0 1.15932807085729 -0.98425689632965 0.0 
0.666634802245028 -1.15211722987672 0.0 1.15645898376123 -0.979253724191655 0.0 
0.678199392082641 -1.16190976711863 0.0 1.15363231620168 -0.974368512097231 0.0 
0.689735715244657 -1.17165345223961 0.0 1.15084719824834 -0.969596971765073 0.0 
0.701244187227141 -1.18134942195726 0.0 1.14810277552876 -0.964935023307526 0.0 
0.712725214982428 -1.19099877219033 0.0 1.14539820970763 -0.960378782660352 0.0 
0.724179197079505 -1.20060256001694 0.0 1.14273267883784 -0.95592454991199 0.0 
0.735606523867883 -1.21016180551606 0.0 1.14010537760136 -0.951568798458243 0.0 
0.747007577643896 -1.21967749350064 0.0 1.13751551745556 -0.947308164915203 0.0 
0.758382732818452 -1.22915057514979 0.0 1.13496232669856 -0.943139439729374 0.0 
0.769732356085438 -1.23858196954708 0.0 1.13244505046542 -0.939059558429494 0.0 
0.781056806590092 -1.24797256513138 0.0 1.12996295066553 -0.935065593469522 0.0 
0.792356436096747 -1.25732322106607 0.0 1.1275153058701 -0.931154746616767 0.0 
0.803631589155448 -1.26663476853224 0.0 1.12510141115759 -0.927324341843132 0.0 
0.814882603267024 -1.27590801195067 0.0 1.1227205779238 -0.923571818681159 0.0 
0.826109809046262 -1.28514373013748 0.0 1.12037213366259 -0.919894726009787 0.0 
0.837313530382888 -1.29434267739758 0.0 1.11805542172233 -0.916290716237775 0.0 
0.848494084600111 -1.30350558455996 0.0 1.11576980104255 -0.912757539855414 0.0 
0.859651782610537 -1.31263315995851 0.0 1.11351464587463 -0.909293040327613 0.0 
0.870786929069283 -1.32172609036179 0.0 1.1112893454899 -0.905895149303651 0.0 
0.881899822524182 -1.33078504185483 0.0 1.10909330387811 -0.902561882120922 0.0 
0.892990755562963 -1.33981066067604 0.0 1.10692593943873 -0.899291333581832 0.0 
0.90406001495735 -1.34880357401185 0.0 1.10478668466722 -0.896081673984668 0.0 
0.915107881804022 -1.3577643907517 0.0 1.10267498583828 -0.892931145390782 0.0 
0.926134631662405 -1.36669370220561 0.0 1.10059030268754 -0.889838058111834 0.0 
0.93714053468928 -1.37559208278673 0.0 1.09853210809317 -0.886800787402087 0.0 
0.948125855770212 -1.38446009066075 0.0 1.09649988775857 -0.883817770341917 0.0 
0.959090854647798 -1.39329826836417 0.0 1.09449313989708 -0.880887502899739 0.0 
0.970035786046769 -1.40210714339316 0.0 1.09251137491969 -0.878008537160547 0.0 
0.980960899795966 -1.41088722876477 0.0 1.09055411512634 -0.875179478710123 0.0 
0.991866440947229 -1.41963902355187 0.0 1.08862089440151 -0.8723989841648 0.0 
1.00275264989124 -1.42836301339352 0.0 1.08671125791447 -0.8696657588374 0.0 
1.01361976247039 -1.43705967098189 0.0 1.08482476182481 -0.866978554530657 0.0 
1.02446801008864 -1.4457294565272 0.0 1.0829609729933 -0.864336167450063 0.0 
1.03529761981857 -1.4543728182017 0.0 1.0811194686986 -0.861737436228644 0.0 
1.04610881450556 -1.46299019256399 0.0 1.07929983635987 -0.859181240056724 0.0 
1.05690181286915 -1.47158200496455 0.0 1.07750167326543 -0.856666496910199 0.0 
1.06767682960181 -1.48014866993366 0.0 1.07572458630771 -0.854192161871317 0.0 
1.07843407546489 -1.48869059155237 0.0 1.07396819172438 -0.851757225536359 0.0 
1.08917375738213 -1.49720816380773 0.0 1.07223211484584 -0.84936071250502 0.0 
1.09989607853059 -1.50570177093278 0.0 1.07051598984897 -0.847001679946609 0.0 
1.11060123842908 -1.51417178773225 0.0 1.06881945951719 -0.844679216238569 0.0 
1.12128943302425 -1.52261857989463 0.0 1.06714217500677 -0.842392439673048 0.0 
1.13196085477432 -1.53104250429137 0.0 1.06548379561932 -0.840140497227619 0.0 
1.14261569273051 -1.53944390926364 0.0 1.06384398858042 -0.837922563396417 0.0 
1.15325413261631 -1.54782313489761 0.0 1.06222242882422 -0.835737839078282 0.0 
1.16387635690456 -1.55618051328839 0.0 1.06061879878406 -0.833585550518658 0.0 
1.1744825448924 -1.56451636879358 0.0 1.05903278818889 -0.831464948302249 0.0 
1.18507287277429 -1.5728310182766 0.0 1.05746409386536 -0.829375306393592 0.0 
1.19564751371294 -1.58112477134053 0.0 1.05591241954561 -0.82731592122291 0.0 
1.2062066379084 -1.58939793055276 0.0 1.05437747568046 -0.825286110814768 0.0 
1.2167504126652 -1.59765079166091 0.0 1.05285897925802 -0.823285213957189 0.0 
1.22727900245778 -1.60588364380048 0.0 1.05135665362748 -0.821312589409066 0.0 
1.23779256899406 -1.61409676969457 0.0 1.04987022832806 -0.819367615143813 0.0 
1.24829127127734 -1.62229044584601 0.0 1.04839943892289 -0.817449687627322 0.0 
1.25877526566656 -1.63046494272228 0.0 1.04694402683777 -0.815558221128443 0.0 
1.26924470593494 -1.63862052493357 0.0 1.04550373920461 -0.81369264706025 0.0 
1.27969974332699 -1.64675745140417 0.0 1.0440783287095 -0.81185241335053 0.0 
1.29014052661408 -1.65487597553768 0.0 1.04266755344523 -0.81003698383997 0.0 
1.30056720214854 -1.66297634537608 0.0 1.04127117676814 -0.808245837706624 0.0 
1.31097991391622 -1.67105880375314 0.0 1.03988896715918 -0.806478468915338 0.0 
1.32137880358781 -1.6791235884423 0.0 1.03852069808909 -0.804734385690871 0.0 
1.3317640105687 -1.6871709322992 0.0 1.03716614788752 -0.803013110013516 0.0 
1.34213567204758 -1.69520106339934 0.0 1.03582509961602 -0.80131417713612 0.0 
1.35249392304374 -1.7032142051707 0.0 1.03449734094478 -0.799637135121439 0.0 
1.36283889645318 -1.71121057652191 0.0 1.03318266403298 -0.79798154439883 0.0 
1.37317072309351 -1.7191903919659 0.0 1.0318808654127 -0.796346977339345 0.0 
1.38348953174764 -1.7271538617393 0.0 1.03059174587617 -0.794733017848342 0.0 
1.3937954492064 -1.73510119191778 0.0 1.02931511036639 -0.793139260974761 0.0 
1.40408860031007 -1.74303258452753 0.0 1.02805076787095 -0.791565312536284 0.0 
1.41436910798878 -1.75094823765289 0.0 1.02679853131892 -0.790010788759624 0.0 
1.42463709330196 -1.75884834554049 0.0 1.0255582174808 -0.788475315935228 0.0 
1.43489267547677 -1.76673309869984 0.0 1.02432964687136 -0.786958530085729 0.0 
1.44513597194549 -1.7746026840007 0.0 1.0231126436553 -0.785460076647507 0.0 
1.45536709838204 -1.78245728476717 0.0 1.02190703555565 -0.783979610164755 0.0 
1.4655861687376 -1.79029708086882 0.0 1.02071265376489 -0.782516793995478 0.0 
1.47579329527524 -1.79812224880877 0.0 1.0195293328585 -0.781071300028889 0.0 
1.48598858860383 -1.80593296180906 0.0 1.01835691071119 -0.779642808413678 0.0 
1.49617215771094 -1.8137293898932 0.0 1.01719522841533 -0.778231007296675 0.0 
1.50634410999509 -1.82151169996617 0.0 1.0160441302019 -0.776835592571445 0.0 
1.51650455129711 -1.82928005589188 0.0 1.0149034633636 -0.775456267636363 0.0 
1.52665358593075 -1.83703461856824 0.0 1.01377307818017 -0.774092743161776 0.0 
1.53679131671255 -1.84477554599986 0.0 1.01265282784587 -0.772744736865824 0.0 
1.54691784499101 -1.85250299336852 0.0 1.01154256839896 -0.771411973298578 0.0 
1.557033270675 -1.86021711310151 0.0 1.01044215865322 -0.770094183634106 0.0 
1.56713769226153 -1.86791805493785 0.0 1.00935146013138 -0.768791105470151 0.0 
1.57723120686285 -1.87560596599255 0.0 1.00827033700041 -0.76750248263508 0.0 
1.58731391023285 -1.8832809908189 0.0 1.00719865600865 -0.766228065001806 0.0 
1.59738589679294 -1.89094327146892 0.0 1.00613628642469 -0.764967608308391 0.0 
1.60744725965718 -1.898592947552 0.0 1.00508309997789 -0.763720873985034 0.0 
1.61749809065696 -1.90623015629185 0.0 1.00403897080065 -0.762487628987211 0.0 
1.62753848036497 -1.91385503258172 0.0 1.0030037753722 -0.761267645634672 0.0 
1.63756851811869 -1.92146770903807 0.0 1.00197739246396 -0.760060701456095 0.0 
1.64758829204333 -1.92906831605263 0.0 1.00095970308641 -0.758866579039129 0.0 
1.65759788907419 -1.93665698184302 0.0 0.999950590437379 -0.757685065885647 0.0 
1.66759739497857 -1.94423383250188 0.0 0.998949939851798 -0.756515954271953 0.0 
1.67758689437709 -1.9517989920446 0.0 0.997957638752766 -0.755359041113791 0.0 
1.68756647076461 -1.95935258245574 0.0 0.996973576603964 -0.754214127835928 0.0 
1.69753620653065 -1.9668947237341 0.0 0.995997644863348 -0.753081020246151 0.0 
1.70749618297929 -1.97442553393656 0.0 0.995029736938084 -0.751959528413495 0.0 
1.71744648034867 -1.98194512922069 0.0 0.994069748140691 -0.750849466550541 0.0 
1.72738717783007 -1.9894536238862 0.0 0.993117575646353 -0.74975065289962 0.0 
1.73731835358654 -1.99695113041519 0.0 0.992173118451359 -0.74866290962278 0.0 
1.74724008477105 -2.00443775951142 0.0 0.991236277332657 -0.747586062695358 0.0 
1.75715244754438 -2.01191362013837 0.0 0.990306954808455 -0.746519941803038 0.0 
1.76705551709246 -2.01937881955641 0.0 0.989385055099878 -0.745464380242241 0.0 
1.77694936764346 -2.02683346335883 0.0 0.98847048409361 -0.74441921482374 0.0 
1.7868340724844 -2.03427765550707 0.0 0.987563149305523 -0.743384285779361 0.0 
1.79670970397745 -2.04171149836486 0.0 0.986662959845243 -0.742359436671674 0.0 
1.80657633357591 -2.04913509273158 0.0 0.985769826381637 -0.74134451430654 0.0 
1.81643403183972 -2.05654853787464 0.0 0.984883661109188 -0.740339368648431 0.0 
1.82628286845081 -2.06395193156113 0.0 0.984004377715234 -0.739343852738403 0.0 
1.83612291222797 -2.07134537008851 0.0 0.983131891348047 -0.738357822614634 0.0 
1.84595423114145 -2.07872894831466 0.0 0.982266118585721 -0.737381137235431 0.0 
1.8557768923273 -2.08610275968701 0.0 0.981406977405856 -0.73641365840462 0.0 
1.86559096210136 -2.09346689627106 0.0 0.980554387156001 -0.735455250699223 0.0 
1.87539650597292 -2.10082144877805 0.0 0.979708268524853 -0.734505781399356 0.0 
1.88519358865817 -2.10816650659204 0.0 0.978868543514167 -0.733565120420247 0.0 
1.89498227409331 -2.11550215779624 0.0 0.978035135411377 -0.73263314024633 0.0 
1.90476262544743 -2.12282848919871 0.0 0.977207968762892 -0.7317097158673 0.0 
1.91453470513505 -2.13014558635738 0.0 0.976386969348066 -0.730794724716107 0.0 
1.92429857482854 -2.13745353360454 0.0 0.975572064153796 -0.729888046608775 0.0 
1.93405429547007 -2.14475241407063 0.0 0.974763181349761 -0.728989563686024 0.0 
1.94380192728357 -2.15204230970749 0.0 0.973960250264256 -0.728099160356603 0.0 
1.95354152978621 -2.15932330131106 0.0 0.973163201360625 -0.727216723242284 0.0 
1.96327316179982 -2.16659546854348 0.0 0.972371966214264 -0.726342141124472 0.0 
1.97299688146196 -2.17385888995472 0.0 0.971586477490182 -0.725475304892356 0.0 
1.98271274623686 -2.18111364300365 0.0 0.970806668921107 -0.724616107492565 0.0 
1.99242081292608 -2.18835980407857 0.0 0.970032475286113 -0.723764443880266 0.0 
2.00212113767894 -2.19559744851738 0.0 0.969263832389769 -0.722920210971667 0.0 
2.01181377600283 -2.20282665062709 0.0 0.968500677041775 -0.722083307597868 0.0 
2.02149878277325 -2.21004748370307 0.0 0.967742947037092 -0.721253634460023 0.0 
2.03117621224362 -2.21726002004767 0.0 0.966990581136538 -0.720431094085765 0.0 
2.04084611805499 -2.22446433098853 0.0 0.966243519047842 -0.719615590786853 0.0 
2.05050855324547 -2.2316604868964 0.0 0.96550170140715 -0.718807030618 0.0 
2.06016357025954 -2.23884855720258 0.0 0.964765069760956 -0.718005321336852 0.0 
2.06981122095715 -2.24602861041595 0.0 0.964033566548458 -0.717210372365065 0.0 
2.07945155662263 -2.2532007141396 0.0 0.96330713508433 -0.71642209475046 0.0 
2.08908462797348 -2.2603649350871 0.0 0.962585719541886 -0.715640401130213 0.0 
2.09871048516889 -2.2675213390984 0.0 0.961869264936635 -0.714865205695043 0.0 
2.10832917781826 -2.27466999115535 0.0 0.961157717110219 -0.714096424154382 0.0 
2.11794075498936 -2.2818109553969 0.0 0.960451022714708 -0.71333397370248 0.0 
2.12754526521651 -2.28894429513392 0.0 0.959749129197268 -0.712577772985418 0.0 
2.13714275650848 -2.29607007286378 0.0 0.959051984785165 -0.711827742069011 0.0 
2.14673327635633 -2.30318835028447 0.0 0.958359538471118 -0.711083802407561 0.0 
2.15631687174105 -2.31029918830854 0.0 0.957671739998978 -0.710345876813438 0.0 
2.16589358914103 -2.31740264707668 0.0 0.956988539849729 -0.709613889427471 0.0 
2.17546347453953 -2.32449878597095 0.0 0.956309889227806 -0.708887765690105 0.0 
2.18502657343181 -2.33158766362785 0.0 0.955635740047716 -0.708167432313323 0.0 
2.19458293083229 -2.33866933795098 0.0 0.954966044920958 -0.707452817253293 0.0 
2.2041325912815 -2.34574386612352 0.0 0.954300757143231 -0.706743849683726 0.0 
2.21367559885293 -2.35281130462036 0.0 0.953639830681925 -0.706040459969923 0.0 
2.22321199715975 -2.35987170922005 0.0 0.952983220163893 -0.705342579643484 0.0 
2.23274182936139 -2.36692513501649 0.0 0.952330880863481 -0.704650141377667 0.0 
2.24226513817002 -2.37397163643027 0.0 0.951682768690827 -0.703963078963378 0.0 
2.25178196585693 -2.3810112672199 0.0 0.951038840180412 -0.703281327285759 0.0 
2.26129235425873 -2.38804408049276 0.0 0.950399052479861 -0.702604822301378 0.0 
2.27079634478353 -2.39507012871577 0.0 0.949763363338983 -0.701933501015987 0.0 
2.28029397841692 -2.40208946372593 0.0 0.949131731099053 -0.701267301462836 0.0 
2.28978529572791 -2.40910213674056 0.0 0.948504114682311 -0.700606162681528 0.0 
2.29927033687474 -2.41610819836737 0.0 0.947880473581706 -0.699950024697398 0.0 
2.30874914161055 -2.42310769861435 0.0 0.947260767850836 -0.699298828501406 0.0 
2.31822174928906 -2.43010068689936 0.0 0.94664495809412 -0.698652516030516 0.0 
2.32768819887 -2.43708721205967 0.0 0.946033005457167 -0.698011030148561 0.0 
2.33714852892457 -2.44406732236115 0.0 0.94542487161735 -0.697374314627574 0.0 
2.34660277764075 -2.45104106550743 0.0 0.944820518774582 -0.696742314129572 0.0 
2.35605098282849 -2.45800848864872 0.0 0.94421990964228 -0.696114974188779 0.0 
2.36549318192492 -2.46496963839061 0.0 0.943623007438521 -0.695492241194278 0.0 
2.3749294119993 -2.47192456080256 0.0 0.943029775877379 -0.694874062373082 0.0 
2.38435970975808 -2.47887330142629 0.0 0.942440179160444 -0.694260385773602 0.0 
2.39378411154968 -2.48581590528402 0.0 0.941854181968513 -0.693651160249516 0.0 
2.40320265336937 -2.49275241688652 0.0 0.941271749453457 -0.693046335444014 0.0 
2.4126153708639 -2.49968288024096 0.0 0.940692847230247 -0.692445861774419 0.0 
2.4220222993362 -2.5066073388587 0.0 0.940117441369149 -0.691849690417167 0.0 
2.43142347374989 -2.51352583576287 0.0 0.939545498388078 -0.691257773293136 0.0 
2.44081892873377 -2.5204384134958 0.0 0.938976985245102 -0.690670063053324 0.0 
2.45020869858623 -2.52734511412634 0.0 0.9384118693311 -0.690086513064851 0.0 
2.45959281727954 -2.53424597925699 0.0 0.937850118462571 -0.689507077397288 0.0 
2.46897131846416 -2.54114105003096 0.0 0.937291700874583 -0.688931710809306 0.0 
2.47834423547291 -2.54803036713905 0.0 0.936736585213866 -0.688360368735619 0.0 
2.48771160132505 -2.55491397082641 0.0 0.936184740532038 -0.687793007274239 0.0 
2.49707344873037 -2.56179190089915 0.0 0.935636136278973 -0.687229583174008 0.0 
2.50642981009316 -2.56866419673089 0.0 0.935090742296294 -0.686670053822424 0.0 
2.51578071751612 -2.57553089726912 0.0 0.934548528810998 -0.686114377233733 0.0 
2.52512620280423 -2.58239204104145 0.0 0.934009466429201 -0.685562512037293 0.0 
2.53446629746852 -2.58924766616183 0.0 0.933473526130016 -0.685014417466197 0.0 
2.54380103272982 -2.59609781033649 0.0 0.932940679259539 -0.684470053346152 0.0 
2.55313043952242 -2.60294251086995 0.0 0.932410897524959 -0.683929380084603 0.0 
2.56245454849767 -2.6097818046708 0.0 0.931884152988781 -0.683392358660095 0.0 
2.57177339002756 -2.6166157282574 0.0 0.93136041806316 -0.682858950611879 0.0 
2.58108699420819 -2.62344431776352 0.0 0.930839665504343 -0.682329118029734 0.0 
2.59039539086323 -2.63026760894381 0.0 0.930321868407221 -0.68180282354402 0.0 
2.5996986095473 -2.63708563717925 0.0 0.929807000199983 -0.681280030315948 0.0 
2.6089966795493 -2.64389843748241 0.0 0.929295034638873 -0.680760702028055 0.0 
2.61828962989569 -2.65070604450269 0.0 0.928785945803044 -0.68024480287489 0.0 
2.62757748935372 -2.65750849253144 0.0 0.928279708089515 -0.679732297553904 0.0 
2.63686028643462 -2.66430581550698 0.0 0.927776296208219 -0.679223151256522 0.0 
2.6461380493967 -2.67109804701955 0.0 0.927275685177143 -0.678717329659427 0.0 
2.65541080624847 -2.67788522031614 0.0 0.926777850317566 -0.678214798916007 0.0 
2.66467858475165 -2.6846673683053 0.0 0.926282767249379 -0.677715525648004 0.0 
2.67394141242414 -2.69144452356178 0.0 0.925790411886495 -0.677219476937323 0.0 
2.683199316543 -2.69821671833115 0.0 0.925300760432345 -0.676726620318026 0.0 
2.69245232414733 -2.70498398453433 0.0 0.924813789375457 -0.676236923768486 0.0 
2.70170046204108 -2.71174635377202 0.0 0.924329475485117 -0.675750355703713 0.0 
2.71094375679593 -2.71850385732906 0.0 0.923847795807109 -0.675266884967827 0.0 
2.72018223475401 -2.72525652617873 0.0 0.923368727659533 -0.674786480826706 0.0 
2.7294159220306 -2.732004390987 0.0 0.9228922486287 -0.674309112960769 0.0 
2.73864484451689 -2.73874748211661 0.0 0.922418336565104 -0.673834751457916 0.0 
2.74786902788254 -2.74548582963119 0.0 0.921946969579464 -0.673363366806613 0.0 
2.75708849757833 -2.75221946329925 0.0 0.921478126038839 -0.672894929889119 0.0 
2.76630327883872 -2.75894841259815 0.0 0.921011784562813 -0.672429411974844 0.0 
2.77551339668435 -2.76567270671789 0.0 0.920547924019749 -0.671966784713856 0.0 
2.78471887592455 -2.77239237456503 0.0 0.920086523523113 -0.671507020130504 0.0 
2.79391974115978 -2.77910744476634 0.0 0.919627562427855 -0.671050090617182 0.0 
2.80311601678406 -2.78581794567251 0.0 0.919171020326866 -0.67059596892821 0.0 
2.81230772698733 -2.79252390536179 0.0 0.91871687704749 -0.670144628173844 0.0 
2.8214948957578 -2.79922535164353 0.0 0.918265112648103 -0.669696041814402 0.0 
2.83067754688428 -2.80592231206167 0.0 0.917815707414746 -0.669250183654507 0.0 
2.83985570395843 -2.81261481389822 0.0 0.917368641857823 -0.668807027837447 0.0 
2.84902939037701 -2.81930288417659 0.0 0.916923896708857 -0.668366548839642 0.0 
2.8581986293441 -2.82598654966499 0.0 0.9164814529173 -0.667928721465226 0.0 
2.86736344387327 -2.83266583687964 0.0 0.916041291647399 -0.66749352084073 0.0 
2.87652385678974 -2.83934077208805 0.0 0.915603394275117 -0.667060922409871 0.0 
2.8856798907325 -2.84601138131215 0.0 0.91516774238511 -0.666630901928443 0.0 
2.89483156815635 -2.85267769033143 0.0 0.914734317767753 -0.66620343545931 0.0 
2.90397891133402 -2.85933972468602 0.0 0.914303102416217 -0.665778499367489 0.0 
2.91312194235819 -2.8659975096797 0.0 0.913874078523601 -0.665356070315333 0.0 
2.92226068314342 -2.87265107038285 0.0 0.913447228480107 -0.664936125257807 0.0 
2.93139515542822 -2.87930043163543 0.0 0.913022534870266 -0.664518641437855 0.0 
2.94052538077693 -2.88594561804981 0.0 0.912599980470214 -0.66410359638185 0.0 
2.94965138058163 -2.89258665401363 0.0 0.912179548245011 -0.663690967895137 0.0 
2.95877317606408 -2.89922356369258 0.0 0.911761221346004 -0.663280734057658 0.0 
2.96789078827754 -2.90585637103316 0.0 0.91134498310824 -0.66287287321966 0.0 
2.97700423810862 -2.91248509976535 0.0 0.910930817047917 -0.662467363997484 0.0 
2.9861135462791 -2.91910977340533 0.0 0.91051870685988 -0.662064185269435 0.0 
2.9952187333477 -2.92573041525802 0.0 0.910108636415162 -0.661663316171723 0.0 
3.00431981971185 -2.93234704841974 0.0 0.90970058975856 -0.661264736094491 0.0 
3.01341682560943 -2.93895969578068 0.0 0.909294551106255 -0.660868424677904 0.0 
3.0225097711205 -2.94556838002746 0.0 0.908890504843473 -0.660474361808321 0.0 
3.03159867616893 -2.95217312364555 0.0 0.90848843552218 -0.660082527614535 0.0 
3.04068356052415 -2.95877394892169 0.0 0.90808832785882 -0.659692902464075 0.0 
3.04976444380274 -2.96537087794633 0.0 0.907690166732088 -0.659305466959591 0.0 
3.05884134547006 -2.97196393261593 0.0 0.907293937180737 -0.658920201935288 0.0 
3.06791428484187 -2.97855313463528 0.0 0.906899624401425 -0.65853708845344 0.0 
3.07698328108588 -2.98513850551982 0.0 0.906507213746596 -0.658156107800956 0.0 
3.08604835322335 -2.99172006659783 0.0 0.906116690722396 -0.657777241486018 0.0 
3.09510952013057 -2.99829783901269 0.0 0.905728040986618 -0.65740047123477 0.0 
3.10416680054044 -3.00487184372503 0.0 0.905341250346687 -0.657025778988079 0.0 
3.11322021304391 -3.01144210151491 0.0 0.904956304757676 -0.656653146898339 0.0 
3.12226977609148 -3.0180086329839 0.0 0.904573190320347 -0.656282557326347 0.0 
3.13131550799469 -3.02457145855716 0.0 0.904191893279236 -0.655913992838224 0.0 
3.14035742692748 -3.03113059848554 0.0 0.903812400020753 -0.655547436202398 0.0 
3.14939555092769 -3.03768607284757 0.0 0.90343469707133 -0.655182870386635 0.0 
3.1584298978984 -3.04423790155143 0.0 0.903058771095583 -0.654820278555129 0.0 
3.16746048560936 -3.05078610433698 0.0 0.902684608894511 -0.654459644065634 0.0 
3.1764873316983 -3.05733070077764 0.0 0.902312197403721 -0.654100950466659 0.0 
3.18551045367234 -3.06387171028231 0.0 0.901941523691686 -0.653744181494698 0.0 
3.19452986890925 -3.07040915209726 0.0 0.901572574958019 -0.653389321071521 0.0 
3.20354559465883 -3.07694304530797 0.0 0.90120533853179 -0.653036353301505 0.0 
3.21255764804415 -3.08347340884099 0.0 0.900839801869853 -0.652685262469014 0.0 
3.22156604606285 -3.09000026146568 0.0 0.900475952555211 -0.652336033035822 0.0 
3.2305708055884 -3.09652362179603 0.0 0.900113778295401 -0.651988649638583 0.0 
3.23957194337136 -3.10304350829242 0.0 0.899753266920904 -0.651643097086345 0.0 
3.24856947604057 -3.10955993926328 0.0 0.899394406383584 -0.651299360358106 0.0 
3.2575634201044 -3.11607293286686 0.0 0.899037184755146 -0.650957424600406 0.0 
3.26655379195195 -3.12258250711287 0.0 0.898681590225619 -0.650617275124973 0.0 
3.27554060785421 -3.12908867986412 0.0 0.898327611101862 -0.650278897406398 0.0 
3.28452388396523 -3.13559146883818 0.0 0.897975235806098 -0.64994227707985 0.0 
3.29350363632329 -3.14209089160898 0.0 0.897624452874463 -0.649607399938837 0.0 
3.30247988085203 -3.14858696560837 0.0 0.897275250955579 -0.649274251933 0.0 
3.31145263336159 -3.1550797081277 0.0 0.896927618809152 -0.648942819165942 0.0 
3.32042190954968 -3.16156913631936 0.0 0.896581545304591 -0.648613087893098 0.0 
3.32938772500273 -3.16805526719829 0.0 0.896237019419641 -0.648285044519637 0.0 
3.33835009519692 -3.17453811764349 0.0 0.895894030239045 -0.647958675598403 0.0 
3.34730903549931 -3.18101770439947 0.0 0.895552566953222 -0.647633967827885 0.0 
3.35626456116885 -3.18749404407775 0.0 0.895212618856965 -0.647310908050224 0.0 
3.36521668735742 -3.19396715315825 0.0 0.89487417534816 -0.646989483249254 0.0 
3.3741654291109 -3.20043704799074 0.0 0.89453722592652 -0.646669680548573 0.0 
3.38311080137016 -3.20690374479623 0.0 0.894201760192344 -0.646351487209645 0.0 
3.39205281897209 -3.21336725966833 0.0 0.893867767845291 -0.646034890629934 0.0 
3.40099149665054 -3.21982760857462 0.0 0.893535238683171 -0.645719878341073 0.0 
3.40992684903737 -3.22628480735804 0.0 0.893204162600754 -0.645406438007054 0.0 
3.41885889066338 -3.23273887173811 0.0 0.8928745295886 -0.645094557422455 0.0 
3.42778763595926 -3.23918981731233 0.0 0.892546329731903 -0.644784224510693 0.0 
3.43671309925658 -3.24563765955744 0.0 0.892219553209353 -0.644475427322303 0.0 
3.44563529478868 -3.25208241383066 0.0 0.891894190292012 -0.644168154033249 0.0 
3.4545542366916 -3.25852409537099 0.0 0.891570231342212 -0.643862392943258 0.0 
3.46346993900502 -3.26496271930043 0.0 0.891247666812466 -0.643558132474186 0.0 
3.47238241567314 -3.27139830062517 0.0 0.890926487244388 -0.643255361168402 0.0 
3.48129168054559 -3.27783085423685 0.0 0.890606683267644 -0.642954067687209 0.0 
3.49019774737826 -3.28426039491372 0.0 0.890288245598903 -0.642654240809276 0.0 
3.49910062983425 -3.29068693732182 0.0 0.88997116504081 -0.642355869429109 0.0 
3.50800034148466 -3.29711049601611 0.0 0.889655432480976 -0.642058942555536 0.0 
3.51689689580947 -3.30353108544166 0.0 0.889341038890976 -0.641763449310222 0.0 
3.52579030619838 -3.30994871993477 0.0 0.889027975325367 -0.641469378926202 0.0 
3.53468058595163 -3.31636341372403 0.0 0.888716232920714 -0.641176720746441 0.0 
3.54356774828084 -3.32277518093149 0.0 0.88840580289464 -0.640885464222418 0.0 
3.55245180630979 -3.32918403557372 0.0 0.888096676544875 -0.640595598912726 0.0 
3.56133277307524 -3.33558999156284 0.0 0.887788845248332 -0.640307114481698 0.0 
3.57021066152772 -3.34199306270766 0.0 0.88748230046019 -0.640020000698054 0.0 
3.57908548453232 -3.34839326271464 0.0 0.887177033712986 -0.639734247433569 0.0 
3.58795725486945 -3.35479060518898 0.0 0.886873036615728 -0.639449844661759 0.0 
3.59682598523561 -3.36118510363559 0.0 0.886570300853014 -0.639166782456593 0.0 
3.60569168824414 -3.36757677146016 0.0 0.886268818184169 -0.638885050991216 0.0 
3.61455437642598 -3.37396562197007 0.0 0.885968580442385 -0.638604640536699 0.0 
3.6234140622304 -3.38035166837544 0.0 0.885669579533883 -0.638325541460807 0.0 
3.63227075802574 -3.38673492379005 0.0 0.885371807437082 -0.638047744226781 0.0 
3.64112447610011 -3.39311540123232 0.0 0.885075256201776 -0.637771239392145 0.0 
3.64997522866213 -3.39949311362624 0.0 0.884779917948331 -0.637496017607525 0.0 
3.65882302784161 -3.40586807380231 0.0 0.884485784866884 -0.637222069615489 0.0 
3.66766788569028 -3.41224029449847 0.0 0.884192849216558 -0.636949386249409 0.0 
3.67650981418245 -3.41860978836096 0.0 0.883901103324686 -0.636677958432326 0.0 
3.6853488252157 -3.42497656794528 0.0 0.88361053958605 -0.63640777717585 0.0 
3.69418493061156 -3.43134064571704 0.0 0.883321150462123 -0.636138833579062 0.0 
3.70301814211618 -3.43770203405283 0.0 0.883032928480323 -0.635871118827441 0.0 
3.71184847140098 -3.44406074524111 0.0 0.882745866233285 -0.635604624191804 0.0 
3.72067593006331 -3.45041679148303 0.0 0.882459956378131 -0.635339341027257 0.0 
3.72950052962709 -3.4567701848933 0.0 0.882175191635762 -0.635075260772173 0.0 
3.73832228154345 -3.46312093750102 0.0 0.881891564790145 -0.634812374947175 0.0 
3.74714119719135 -3.46946906125049 0.0 0.881609068687625 -0.634550675154134 0.0 
3.75595728787823 -3.47581456800203 0.0 0.881327696236234 -0.63429015307519 0.0 
3.76477056484059 -3.48215746953279 0.0 0.88104744040502 -0.634030800471781 0.0 
3.77358103924464 -3.4884977775375 0.0 0.880768294223371 -0.633772609183686 0.0 
3.78238872218688 -3.49483550362934 0.0 0.880490250780363 -0.633515571128082 0.0 
3.79119362469468 -3.50117065934062 0.0 0.880213303224107 -0.633259678298619 0.0 
3.79999575772692 -3.50750325612361 0.0 0.879937444761107 -0.633004922764506 0.0 
3.80879513217453 -3.51383330535125 0.0 0.879662668655629 -0.632751296669606 0.0 
3.81759175886109 -3.52016081831795 0.0 0.879388968229072 -0.632498792231549 0.0 
3.82638564854338 -3.52648580624026 0.0 0.879116336859357 -0.632247401740858 0.0 
3.83517681191197 -3.53280828025767 0.0 0.878844767980312 -0.631997117560085 0.0 
3.84396525959178 -3.53912825143327 0.0 0.878574255081078 -0.63174793212296 0.0 
3.85275100214259 -3.5454457307545 0.0 0.878304791705512 -0.631499837933551 0.0 
3.86153405005964 -3.55176072913384 0.0 0.878036371451602 -0.631252827565442 0.0 
3.87031441377416 -3.55807325740949 0.0 0.877768987970891 -0.631006893660911 0.0 
3.87909210365387 -3.5643833263461 0.0 0.877502634967907 -0.630762028930135 0.0 
3.88786713000355 -3.5706909466354 0.0 0.8772373061996 -0.630518226150391 0.0 
3.89663950306554 -3.57699612889691 0.0 0.876972995474786 -0.630275478165279 0.0 
3.90540923302029 -3.58329888367856 0.0 0.876709696653598 -0.630033777883949 0.0 
3.91417632998682 -3.5895992214574 0.0 0.876447403646949 -0.629793118280347 0.0 
3.92294080402329 -3.5958971526402 0.0 0.876186110415992 -0.629553492392461 0.0 
3.93170266512745 -3.60219268756413 0.0 0.875925810971596 -0.629314893321586 0.0 
3.94046192323717 -3.60848583649734 0.0 0.875666499373827 -0.629077314231598 0.0 
3.94921858823091 -3.61477660963966 0.0 0.875408169731428 -0.628840748348231 0.0 
3.95797266992822 -3.62106501712314 0.0 0.875150816201316 -0.628605188958374 0.0 
3.96672417809024 -3.62735106901272 0.0 0.874894432988081 -0.628370629409371 0.0 
3.97547312242012 -3.63363477530682 0.0 0.874639014343488 -0.628137063108335 0.0 
3.98421951256355 -3.6399161459379 0.0 0.874384554565992 -0.627904483521464 0.0 
3.99296335810921 -3.64619519077312 0.0 0.874131048000253 -0.62767288417338 0.0 
4.00170466858921 -3.65247191961485 0.0 0.87387848903666 -0.627442258646459 0.0 
4.01044345347958 -3.65874634220131 0.0 0.873626872110861 -0.627212600580187 0.0 
4.01917972220069 -3.66501846820712 0.0 0.873376191703299 -0.626983903670514 0.0 
4.02791348411772 -3.67128830724382 0.0 0.873126442338753 -0.626756161669222 0.0 
4.03664474854111 -3.67755586886051 0.0 0.872877618585882 -0.626529368383299 0.0 
4.04537352472697 -3.68382116254435 0.0 0.872629715056783 -0.626303517674321 0.0 
4.05409982187753 -3.69008419772109 0.0 0.872382726406545 -0.626078603457848 0.0 
4.0628236491416 -3.69634498375567 0.0 0.872136647332813 -0.625854619702818 0.0 
4.07154501561493 -3.7026035299527 0.0 0.871891472575358 -0.625631560430961 0.0 
4.08026393034068 -3.708859845557 0.0 0.871647196915652 -0.62540941971621 0.0 
4.08898040230984 -3.71511393975417 0.0 0.871403815176445 -0.625188191684127 0.0 
4.0976944404616 -3.72136582167101 0.0 0.871161322221349 -0.624967870511334 0.0 
4.10640605368382 -3.72761550037612 0.0 0.870919712954434 -0.62474845042495 0.0 
4.11511525081336 -3.73386298488037 0.0 0.870678982319814 -0.624529925702043 0.0 
4.12382204063656 -3.74010828413739 0.0 0.870439125301253 -0.624312290669077 0.0 
4.13252643188957 -3.74635140704408 0.0 0.870200136921766 -0.624095539701377 0.0 
4.14122843325879 -3.7525923624411 0.0 0.86996201224323 -0.623879667222595 0.0 
4.14992805338122 -3.75883115911332 0.0 0.869724746365998 -0.623664667704187 0.0 
4.15862530084488 -3.76506780579036 0.0 0.869488334428516 -0.623450535664893 0.0 
4.16732018418917 -3.77130231114701 0.0 0.869252771606947 -0.623237265670227 0.0 
4.17601271190524 -3.77753468380372 0.0 0.8690180531148 -0.623024852331971 0.0 
4.18470289243639 -3.78376493232704 0.0 0.868784174202561 -0.622813290307681 0.0 
4.19339073417841 -3.78999306523011 0.0 0.868551130157329 -0.622602574300189 0.0 
4.20207624547998 -3.79621909097311 0.0 0.868318916302459 -0.622392699057122 0.0 
4.21075943464301 -3.80244301796369 0.0 0.868087527997204 -0.622183659370424 0.0 
4.21944030992298 -3.80866485455739 0.0 0.867856960636367 -0.62197545007588 0.0 
4.22811887952934 -3.81488460905815 0.0 0.867627209649956 -0.621768066052651 0.0 
4.23679515162584 -3.82110228971867 0.0 0.867398270502836 -0.621561502222815 0.0 
4.24546913433087 -3.8273179047409 0.0 0.867170138694397 -0.621355753550909 0.0 
4.25414083571782 -3.83353146227641 0.0 0.866942809758215 -0.621150815043483 0.0 
4.2628102638154 -3.83974297042685 0.0 0.866716279261726 -0.620946681748655 0.0 
4.27147742660802 -3.84595243724433 0.0 0.866490542805895 -0.620743348755675 0.0 
4.28014233203608 -3.85215987073189 0.0 0.866265596024896 -0.620540811194492 0.0 
4.28880498799632 -3.85836527884384 0.0 0.866041434585792 -0.620339064235327 0.0 
4.29746540234218 -3.86456866948619 0.0 0.865818054188222 -0.620138103088254 0.0 
4.30612358288406 -3.87077005051707 0.0 0.865595450564086 -0.619937923002784 0.0 
4.31477953738971 -3.8769694297471 0.0 0.865373619477241 -0.61973851926745 0.0 
4.32343327358448 -3.88316681493977 0.0 0.865152556723191 -0.619539887209408 0.0 
4.33208479915171 -3.88936221381187 0.0 0.864932258128793 -0.619342022194035 0.0 
4.340734121733 -3.89555563403381 0.0 0.864712719551957 -0.619144919624531 0.0 
4.34938124892852 -3.90174708323005 0.0 0.864493936881347 -0.61894857494153 0.0 
4.35802618829733 -3.90793656897947 0.0 0.8642759060361 -0.618752983622718 0.0 
4.36666894735769 -3.9141240988157 0.0 0.864058622965531 -0.618558141182445 0.0 
4.37530953358735 -3.92030968022752 0.0 0.863842083648852 -0.618364043171359 0.0 
4.38394795442384 -3.92649332065923 0.0 0.863626284094891 -0.618170685176025 0.0 
4.39258421726479 -3.93267502751099 0.0 0.863411220341817 -0.617978062818565 0.0 
4.4012183294682 -3.93885480813918 0.0 0.863196888456859 -0.617786171756293 0.0 
4.40985029835277 -3.94503266985674 0.0 0.862983284536044 -0.617595007681357 0.0 
4.41848013119813 -3.95120861993356 0.0 0.862770404703919 -0.617404566320389 0.0 
4.42710783524517 -3.95738266559676 0.0 0.862558245113296 -0.617214843434152 0.0 
4.43573341769631 -3.9635548140311 0.0 0.86234680194498 -0.617025834817197 0.0 
4.44435688571575 -3.96972507237927 0.0 0.862136071407517 -0.616837536297522 0.0 
4.45297824642983 -3.97589344774225 0.0 0.861926049736936 -0.616649943736238 0.0 
4.4615975069272 -3.98205994717961 0.0 0.861716733196493 -0.616463053027235 0.0 
4.47021467425916 -3.98822457770988 0.0 0.861508118076423 -0.616276860096852 0.0 
4.47882975543993 -3.99438734631085 0.0 0.861300200693693 -0.616091360903555 0.0 
4.48744275744687 -4.00054825991989 0.0 0.861092977391753 -0.615906551437617 0.0 
4.49605368722078 -4.00670732543426 0.0 0.860886444540299 -0.615722427720801 0.0 
4.50466255166619 -4.01286454971147 0.0 0.860680598535029 -0.615538985806046 0.0 
4.51326935765154 -4.01901993956953 0.0 0.86047543579741 -0.61535622177716 0.0 
4.52187411200951 -4.0251735017873 0.0 0.860270952774439 -0.615174131748514 0.0 
4.53047682153726 -4.03132524310479 0.0 0.860067145938416 -0.614992711864739 0.0 
4.53907749299664 -4.03747517022344 0.0 0.859864011786712 -0.614811958300432 0.0 
4.54767613311451 -4.04362328980644 0.0 0.859661546841542 -0.614631867259857 0.0 
4.55627274858292 -4.04976960847904 0.0 0.859459747649744 -0.614452434976658 0.0 
4.56486734605942 -4.05591413282881 0.0 0.859258610782555 -0.614273657713566 0.0 
4.57345993216725 -4.06205686940594 0.0 0.85905813283539 -0.614095531762124 0.0 
4.5820505134956 -4.06819782472356 0.0 0.858858310427629 -0.613918053442396 0.0 
4.59063909659988 -4.07433700525799 0.0 0.858659140202401 -0.613741219102697 0.0 
4.5992256880019 -4.08047441744901 0.0 0.85846061882637 -0.613565025119315 0.0 
4.60781029419016 -4.08661006770021 0.0 0.858262742989528 -0.613389467896243 0.0 
4.61639292162006 -4.09274396237917 0.0 0.858065509404984 -0.613214543864909 0.0 
4.62497357671411 -4.09887610781782 0.0 0.857868914808763 -0.61304024948391 0.0 
4.6335522658622 -4.10500651031266 0.0 0.857672955959599 -0.612866581238755 0.0 
4.64212899542179 -4.11113517612504 0.0 0.857477629638735 -0.612693535641603 0.0 
4.65070377171818 -4.11726211148146 0.0 0.857282932649726 -0.612521109231008 0.0 
4.65927660104468 -4.12338732257377 0.0 0.85708886181824 -0.612349298571667 0.0 
4.66784748966286 -4.12951081555949 0.0 0.856895413991866 -0.61217810025417 0.0 
4.67641644380278 -4.13563259656203 0.0 0.856702586039917 -0.612007510894754 0.0 
4.68498346966318 -4.14175267167098 0.0 0.856510374853246 -0.611837527135058 0.0 
4.69354857341171 -4.14787104694233 0.0 0.856318777344052 -0.611668145641883 0.0 
4.70211176118515 -4.15398772839875 0.0 0.856127790445696 -0.611499363106953 0.0 
4.71067303908961 -4.16010272202981 0.0 0.855937411112516 -0.61133117624668 0.0 
4.71923241320073 -4.16621603379228 0.0 0.855747636319645 -0.611163581801928 0.0 
4.72778988956393 -4.1723276696103 0.0 0.855558463062832 -0.610996576537788 0.0 
4.73634547419456 -4.17843763537568 0.0 0.855369888358258 -0.610830157243348 0.0 
4.74489917307814 -4.18454593694811 0.0 0.855181909242365 -0.610664320731466 0.0 
4.75345099217057 -4.19065258015543 0.0 0.85499452277168 -0.610499063838549 0.0 
4.76200093739828 -4.19675757079381 0.0 0.854807726022637 -0.610334383424335 0.0 
4.77054901465851 -4.20286091462806 0.0 0.854621516091414 -0.610170276371671 0.0 
4.77909522981942 -4.20896261739177 0.0 0.854435890093757 -0.610006739586304 0.0 
4.78763958872036 -4.21506268478764 0.0 0.854250845164812 -0.609843769996662 0.0 
4.79618209717201 -4.2211611224876 0.0 0.854066378458966 -0.609681364553648 0.0 
4.8047227609566 -4.22725793613314 0.0 0.853882487149674 -0.60951952023043 0.0 
4.8132615858281 -4.23335313133544 0.0 0.853699168429303 -0.609358234022238 0.0 
4.82179857751239 -4.23944671367567 0.0 0.853516419508968 -0.609197502946157 0.0 
4.83033374170748 -4.24553868870513 0.0 0.853334237618374 -0.60903732404093 0.0 
4.83886708408366 -4.25162906194554 0.0 0.853152620005656 -0.608877694366755 0.0 
4.84739861028372 -4.2577178388892 0.0 0.852971563937226 -0.608718611005092 0.0 
4.85592832592309 -4.26380502499925 0.0 0.85279106669762 -0.608560071058468 0.0 
4.86445623659007 -4.26989062570984 0.0 0.85261112558934 -0.608402071650282 0.0 
4.87298234784596 -4.27597464642634 0.0 0.852431737932706 -0.608244609924618 0.0 
4.88150666522529 -4.28205709252559 0.0 0.852252901065707 -0.608087683046056 0.0 
4.89002919423594 -4.28813796935605 0.0 0.852074612343851 -0.607931288199486 0.0 
4.89854994035938 -4.29421728223804 0.0 0.851896869140021 -0.607775422589923 0.0 
4.90706890905078 -4.30029503646394 0.0 0.851719668844326 -0.607620083442328 0.0 
4.91558610573923 -4.30637123729837 0.0 0.851543008863962 -0.607465268001423 0.0 
4.92410153582787 -4.31244588997838 0.0 0.851366886623064 -0.60731097353152 0.0 
4.9326152046941 -4.3185189997137 0.0 0.851191299562572 -0.607157197316338 0.0 
4.94112711768972 -4.32459057168686 0.0 0.851016245140087 -0.607003936658833 0.0 
4.94963728014112 -4.33066061105345 0.0 0.850841720829733 -0.606851188881027 0.0 
4.95814569734942 -4.33672912294226 0.0 0.850667724122023 -0.606698951323831 0.0 
4.96665237459064 -4.3427961124555 0.0 0.850494252523722 -0.606547221346885 0.0 
4.97515731711588 -4.34886158466896 0.0 0.850321303557715 -0.606395996328385 0.0 
4.98366053015145 -4.35492554463225 0.0 0.850148874762872 -0.606245273664922 0.0 
4.99216201889908 -4.3609879973689 0.0 0.849976963693918 -0.606095050771316 0.0 
5.00066178853602 -4.36704894787661 0.0 0.849805567921305 -0.605945325080455 0.0 
5.00915984421524 -4.37310840112742 0.0 0.849634685031078 -0.605796094043138 0.0 
5.01765619106555 -4.37916636206785 0.0 0.849464312624755 -0.605647355127914 0.0 
5.02615083419179 -4.38522283561913 0.0 0.849294448319195 -0.605499105820928 0.0 
5.03464377867498 -4.39127782667734 0.0 0.849125089746478 -0.605351343625763 0.0 
5.04313502957245 -4.39733134011359 0.0 0.848956234553776 -0.605204066063293 0.0 
5.05162459191799 -4.40338338077423 0.0 0.848787880403235 -0.605057270671523 0.0 
5.06011247072202 -4.40943395348094 0.0 0.848620024971853 -0.60491095500545 0.0 
5.06859867097174 -4.41548306303099 0.0 0.848452665951358 -0.604765116636904 0.0 
5.07708319763125 -4.42153071419736 0.0 0.848285801048094 -0.604619753154409 0.0 
5.08556605564173 -4.42757691172891 0.0 0.848119427982896 -0.604474862163036 0.0 
5.09404724992156 -4.43362166035054 0.0 0.847953544490979 -0.604330441284257 0.0 
5.10252678536647 -4.43966496476338 0.0 0.847788148321825 -0.604186488155806 0.0 
5.11100466684969 -4.44570682964494 0.0 0.84762323723906 -0.604043000431537 0.0 
5.11948089922208 -4.45174725964926 0.0 0.847458809020348 -0.603899975781285 0.0 
5.12795548731229 -4.45778625940707 0.0 0.84729486145728 -0.60375741189073 0.0 
5.13642843592686 -4.46382383352598 0.0 0.847131392355255 -0.603615306461257 0.0 
5.14489974985041 -4.46985998659059 0.0 0.846968399533379 -0.603473657209825 0.0 
5.15336943384574 -4.47589472316269 0.0 0.846805880824353 -0.603332461868833 0.0 
5.16183749265399 -4.48192804778137 0.0 0.846643834074362 -0.603191718185986 0.0 
5.17030393099473 -4.48795996496323 0.0 0.846482257142973 -0.603051423924166 0.0 
5.17876875356616 -4.49399047920247 0.0 0.846321147903028 -0.602911576861303 0.0 
5.18723196504519 -4.50001959497109 0.0 0.846160504240538 -0.602772174790245 0.0 
5.1956935700876 -4.50604731671899 0.0 0.846000324054579 -0.602633215518635 0.0 
5.20415357332814 -4.51207364887418 0.0 0.845840605257194 -0.60249469686878 0.0 
5.21261197938072 -4.51809859584286 0.0 0.845681345773285 -0.602356616677533 0.0 
5.22106879283845 -4.52412216200964 0.0 0.845522543540515 -0.602218972796168 0.0 
5.22952401827385 -4.5301443517376 0.0 0.845364196509211 -0.602081763090257 0.0 
5.23797766023895 -4.5361651693685 0.0 0.84520630264226 -0.601944985439549 0.0 
5.24642972326537 -4.5421846192229 0.0 0.845048859915016 -0.601808637737855 0.0 
5.25488021186452 -4.54820270560028 0.0 0.844891866315198 -0.601672717892927 0.0 
5.26332913052767 -4.55421943277921 0.0 0.844735319842799 -0.601537223826344 0.0 
5.2717764837261 -4.56023480501747 0.0 0.844579218509989 -0.60140215347339 0.0 
5.2802222759112 -4.56624882655221 0.0 0.844423560341017 -0.60126750478295 0.0 
5.28866651151461 -4.57226150160003 0.0 0.844268343372126 -0.601133275717386 0.0 
5.29710919494833 -4.57827283435721 0.0 0.844113565651451 -0.600999464252435 0.0 
5.30555033060485 -4.58428282899973 0.0 0.843959225238935 -0.600866068377088 0.0 
5.31398992285723 -4.5902914896835 0.0 0.843805320206233 -0.60073308609349 0.0 
5.3224279760593 -4.59629882054444 0.0 0.843651848636628 -0.600600515416824 0.0 
5.33086449454566 -4.60230482569861 0.0 0.843498808624933 -0.600468354375207 0.0 
5.33929948263191 -4.60830950924236 0.0 0.843346198277413 -0.600336601009582 0.0 
5.34773294461469 -4.61431287525245 0.0 0.843194015711689 -0.600205253373615 0.0 
5.3561648847718 -4.62031492778619 0.0 0.843042259056658 -0.600074309533586 0.0 
5.36459530736237 -4.62631567088153 0.0 0.842890926452401 -0.59994376756829 0.0 
5.37302421662689 -4.63231510855721 0.0 0.842740016050103 -0.599813625568932 0.0 
5.3814516167874 -4.6383132448129 0.0 0.842589526011968 -0.599683881639027 0.0 
5.38987751204751 -4.64431008362929 0.0 0.842439454511133 -0.599554533894299 0.0 
5.39830190659263 -4.65030562896823 0.0 0.842289799731587 -0.599425580462582 0.0 
5.40672480458994 -4.65629988477286 0.0 0.842140559868088 -0.599297019483722 0.0 
5.41514621018862 -4.6622928549677 0.0 0.841991733126086 -0.599168849109478 0.0 
5.42356612751988 -4.66828454345879 0.0 0.841843317721635 -0.599041067503428 0.0 
5.4319845606971 -4.67427495413382 0.0 0.841695311881321 -0.598913672840869 0.0 
5.44040151381591 -4.68026409086223 0.0 0.841547713842178 -0.598786663308729 0.0 
5.44881699095434 -4.68625195749532 0.0 0.841400521851611 -0.598660037105468 0.0 
5.45723099617285 -4.69223855786638 0.0 0.841253734167321 -0.598533792440987 0.0 
5.46564353351453 -4.69822389579079 0.0 0.841107349057223 -0.598407927536536 0.0 
5.4740546070051 -4.70420797506615 0.0 0.840961364799376 -0.598282440624625 0.0 
5.48246422065309 -4.7101907994724 0.0 0.840815779681901 -0.59815732994893 0.0 
5.49087237844991 -4.71617237277189 0.0 0.840670592002913 -0.598032593764206 0.0 
5.49927908436994 -4.72215269870953 0.0 0.840525800070442 -0.597908230336201 0.0 
5.50768434237064 -4.72813178101289 0.0 0.840381402202359 -0.597784237941563 0.0 
5.51608815639267 -4.73410962339231 0.0 0.84023739672631 -0.597660614867759 0.0 
5.52449053035993 -4.74008622954098 0.0 0.840093781979636 -0.597537359412985 0.0 
5.53289146817973 -4.74606160313511 0.0 0.839950556309305 -0.597414469886082 0.0 
5.54129097374282 -4.75203574783397 0.0 0.839807718071841 -0.597291944606455 0.0 
5.54968905092354 -4.75800866728004 0.0 0.839665265633255 -0.597169781903984 0.0 
5.55808570357987 -4.76398036509908 0.0 0.839523197368973 -0.597047980118948 0.0 
5.56648093555356 -4.76995084490027 0.0 0.839381511663769 -0.596926537601936 0.0 
5.5748747506702 -4.77592011027629 0.0 0.839240206911694 -0.596805452713773 0.0 
5.58326715273932 -4.78188816480343 0.0 0.839099281516012 -0.596684723825432 0.0 
5.59165814555448 -4.78785501204168 0.0 0.838958733889132 -0.596564349317965 0.0 
5.60004773289337 -4.79382065553486 0.0 0.838818562452537 -0.596444327582412 0.0 
5.60843591851789 -4.79978509881068 0.0 0.838678765636724 -0.596324657019734 0.0 
5.61682270617426 -4.80574834538088 0.0 0.838539341881136 -0.596205336040728 0.0 
5.62520809959307 -4.81171039874129 0.0 0.838400289634097 -0.596086363065954 0.0 
5.63359210248941 -4.81767126237195 0.0 0.838261607352748 -0.59596773652566 0.0 
5.64197471856294 -4.8236309397372 0.0 0.838123293502983 -0.595849454859704 0.0 
5.65035595149797 -4.8295894342858 0.0 0.837985346559388 -0.595731516517481 0.0 
5.65873580496356 -4.83554674945098 0.0 0.837847765005175 -0.595613919957851 0.0 
5.66711428261361 -4.84150288865055 0.0 0.837710547332122 -0.595496663649063 0.0 
5.67549138808694 -4.84745785528704 0.0 0.837573692040513 -0.595379746068684 0.0 
5.68386712500734 -4.85341165274773 0.0 0.837437197639073 -0.595263165703528 0.0 
5.69224149698373 -4.85936428440477 0.0 0.837301062644912 -0.595146921049585 0.0 
5.70061450761018 -4.86531575361526 0.0 0.837165285583463 -0.595031010611949 0.0 
5.70898616046602 -4.87126606372138 0.0 0.837029864988422 -0.594915432904749 0.0 
5.7173564591159 -4.87721521805043 0.0 0.836894799401689 -0.594800186451082 0.0 
5.72572540710992 -4.88316321991494 0.0 0.836760087373313 -0.594685269782942 0.0 
5.73409300798365 -4.88911007261277 0.0 0.83662572746143 -0.594570681441153 0.0 
5.74245926525826 -4.89505577942718 0.0 0.836491718232208 -0.594456419975303 0.0 
5.75082418244059 -4.90100034362693 0.0 0.83635805825979 -0.594342483943676 0.0 
5.75918776302318 -4.90694376846637 0.0 0.836224746126236 -0.594228871913187 0.0 
5.76755001048445 -4.9128860571855 0.0 0.836091780421471 -0.594115582459315 0.0 
5.77591092828866 -4.9188272130101 0.0 0.835959159743223 -0.594002614166041 0.0 
5.78427051988609 -4.92476723915176 0.0 0.835826882696977 -0.593889965625782 0.0 
5.79262878871306 -4.93070613880801 0.0 0.835694947895911 -0.593777635439329 0.0 
5.80098573819202 -4.93664391516241 0.0 0.835563353960849 -0.593665622215782 0.0 
5.80934137173163 -4.94258057138456 0.0 0.835432099520205 -0.593553924572487 0.0 
5.81769569272683 -4.94851611063029 0.0 0.835301183209931 -0.59344254113498 0.0 
5.82604870455893 -4.95445053604164 0.0 0.835170603673462 -0.593331470536917 0.0 
5.83440041059567 -4.96038385074701 0.0 0.835040359561664 -0.593220711420021 0.0 
5.84275081419128 -4.96631605786121 0.0 0.834910449532787 -0.593110262434017 0.0 
5.85109991868661 -4.97224716048555 0.0 0.834780872252408 -0.593000122236575 0.0 
5.85944772740913 -4.97817716170791 0.0 0.834651626393384 -0.592890289493249 0.0 
5.86779424367307 -4.98410606460285 0.0 0.834522710635797 -0.592780762877422 0.0 
5.87613947077943 -4.99003387223162 0.0 0.83439412366691 -0.592671541070241 0.0 
5.8844834120161 -4.99596058764232 0.0 0.834265864181113 -0.592562622760567 0.0 
5.89282607065791 -5.00188621386993 0.0 0.834137930879875 -0.592454006644916 0.0 
5.90116744996671 -5.00781075393638 0.0 0.834010322471697 -0.592345691427398 0.0 
5.90950755319142 -5.01373421085065 0.0 0.833883037672061 -0.592237675819667 0.0 
5.91784638356814 -5.01965658760885 0.0 0.833756075203382 -0.592129958540861 0.0 
5.92618394432018 -5.02557788719426 0.0 0.833629433794964 -0.592022538317553 0.0 
5.93452023865813 -5.03149811257743 0.0 0.833503112182948 -0.591915413883687 0.0 
5.94285526977996 -5.03741726671627 0.0 0.833377109110271 -0.591808583980534 0.0 
5.95118904087106 -5.04333535255607 0.0 0.833251423326612 -0.591702047356631 0.0 
5.95952155510432 -5.04925237302964 0.0 0.833126053588353 -0.591595802767733 0.0 
5.96785281564021 -5.05516833105732 0.0 0.833000998658532 -0.591489848976758 0.0 
5.97618282562679 -5.06108322954709 0.0 0.832876257306792 -0.591384184753734 0.0 
5.98451158819986 -5.06699707139462 0.0 0.832751828309346 -0.59127880887575 0.0 
5.99283910648296 -5.07290985948338 0.0 0.832627710448923 -0.591173720126902 0.0 
6.00116538358744 -5.07882159668465 0.0 0.83250390251473 -0.591068917298244 0.0 
6.00949042261259 -5.08473228585763 0.0 0.832380403302406 -0.590964399187738 0.0 
6.01781422664562 -5.09064192984951 0.0 0.832257211613977 -0.590860164600203 0.0 
6.02613679876176 -5.09655053149551 0.0 0.832134326257819 -0.590756212347264 0.0 
6.03445814202433 -5.10245809361898 0.0 0.832011746048606 -0.590652541247308 0.0 
6.04277825948482 -5.10836461903146 0.0 0.831889469807277 -0.590549150125431 0.0 
6.05109715418289 -5.11427011053271 0.0 0.831767496360988 -0.59044603781339 0.0 
6.0594148291465 -5.12017457091085 0.0 0.831645824543071 -0.590343203149557 0.0 
6.06773128739193 -5.12607800294234 0.0 0.831524453192995 -0.590240644978873 0.0 
6.07604653192386 -5.13198040939213 0.0 0.831403381156325 -0.590138362152797 0.0 
6.08436056573543 -5.13788179301366 0.0 0.831282607284678 -0.590036353529261 0.0 
6.09267339180827 -5.14378215654895 0.0 0.831162130435685 -0.589934617972626 0.0 
6.10098501311263 -5.14968150272868 0.0 0.831041949472952 -0.589833154353636 0.0 
6.10929543260736 -5.15557983427221 0.0 0.830922063266019 -0.589731961549368 0.0 
6.11760465324002 -5.16147715388771 0.0 0.83080247069032 -0.589631038443192 0.0 
6.12591267794692 -5.16737346427214 0.0 0.830683170627146 -0.589530383924727 0.0 
6.1342195096532 -5.17326876811139 0.0 0.830564161963602 -0.589429996889791 0.0 
6.14252515127283 -5.17916306808028 0.0 0.830445443592576 -0.589329876240365 0.0 
6.15082960570876 -5.18505636684269 0.0 0.830327014412693 -0.589230020884542 0.0 
6.15913287585288 -5.19094866705153 0.0 0.830208873328282 -0.589130429736489 0.0 
6.16743496458617 -5.1968399713489 0.0 0.830091019249338 -0.589031101716404 0.0 
6.17573587477866 -5.20273028236606 0.0 0.829973451091483 -0.58893203575047 0.0 
6.18403560928958 -5.20861960272357 0.0 0.82985616777593 -0.588833230770818 0.0 
6.19233417096734 -5.21450793503128 0.0 0.829739168229446 -0.588734685715481 0.0 
6.20063156264963 -5.22039528188843 0.0 0.829622451384319 -0.588636399528356 0.0 
6.20892778716347 -5.22628164588371 0.0 0.829506016178315 -0.58853837115916 0.0 
6.21722284732526 -5.23216702959531 0.0 0.829389861554649 -0.588440599563394 0.0 
6.2255167459408 -5.23805143559094 0.0 0.829273986461947 -0.588343083702297 0.0 
6.23380948580542 -5.24393486642796 0.0 0.82915838985421 -0.588245822542812 0.0 
6.24210106970396 -5.24981732465339 0.0 0.82904307069078 -0.58814881505754 0.0 
6.25039150041087 -5.25569881280397 0.0 0.828928027936305 -0.588052060224708 0.0 
6.25868078069024 -5.26157933340621 0.0 0.828813260560705 -0.587955557028125 0.0 
6.26696891329584 -5.26745888897649 0.0 0.828698767539138 -0.587859304457143 0.0 
6.27525590097123 -5.27333748202107 0.0 0.828584547851966 -0.587763301506623 0.0 
6.28354174644975 -5.27921511503613 0.0 0.828470600484721 -0.587667547176895 0.0 
6.2918264524546 -5.2850917905079 0.0 0.828356924428072 -0.587572040473718 0.0 
6.30011002169888 -5.29096751091264 0.0 0.828243518677793 -0.587476780408247 0.0 
6.30839245688566 -5.29684227871672 0.0 0.828130382234728 -0.587381765996992 0.0 
6.31667376070801 -5.30271609637669 0.0 0.828017514104762 -0.587286996261784 0.0 
6.32495393584905 -5.30858896633931 0.0 0.827904913298783 -0.587192470229738 0.0 
6.33323298498204 -5.31446089104161 0.0 0.827792578832657 -0.587098186933216 0.0 
6.34151091077037 -5.32033187291094 0.0 0.82768050972719 -0.587004145409794 0.0 
6.34978771586764 -5.32620191436504 0.0 0.827568705008101 -0.586910344702221 0.0 
6.35806340291772 -5.33207101781206 0.0 0.827457163705989 -0.586816783858391 0.0 
6.36633797455478 -5.33793918565064 0.0 0.8273458848563 -0.586723461931301 0.0 
6.37461143340334 -5.34380642026996 0.0 0.8272348674993 -0.586630377979022 0.0 
6.38288378207834 -5.34967272404975 0.0 0.827124110680043 -0.586537531064661 0.0 
6.39115502318514 -5.35553809936039 0.0 0.827013613448337 -0.586444920256331 0.0 
6.39942515931962 -5.36140254856296 0.0 0.826903374858721 -0.58635254462711 0.0 
6.40769419306821 -5.36726607400923 0.0 0.826793393970428 -0.586260403255018 0.0 
6.41596212700791 -5.37312867804178 0.0 0.826683669847362 -0.586168495222972 0.0 
6.42422896370639 -5.37899036299401 0.0 0.826574201558062 -0.586076819618764 0.0 
6.43249470572197 -5.38485113119019 0.0 0.826464988175678 -0.585985375535019 0.0 
6.44075935560372 -5.39071098494554 0.0 0.82635602877794 -0.58589416206917 0.0 
6.4490229158915 -5.39656992656623 0.0 0.826247322447129 -0.585803178323421 0.0 
6.45728538911597 -5.40242795834947 0.0 0.826138868270047 -0.585712423404718 0.0 
6.46554677779867 -5.40828508258352 0.0 0.826030665337995 -0.585621896424715 0.0 
6.47380708445205 -5.41414130154776 0.0 0.825922712746736 -0.585531596499744 0.0 
6.48206631157952 -5.41999661751276 0.0 0.825815009596475 -0.585441522750784 0.0 
6.49032446167549 -5.42585103274027 0.0 0.825707554991825 -0.585351674303431 0.0 
6.4985815372254 -5.4317045494833 0.0 0.825600348041784 -0.585262050287863 0.0 
6.50683754070582 -5.43755716998618 0.0 0.825493387859707 -0.585172649838815 0.0 
6.51509247458442 -5.44340889648457 0.0 0.825386673563276 -0.585083472095546 0.0 
6.52334634132005 -5.44925973120553 0.0 0.825280204274478 -0.584994516201811 0.0 
6.5315991433628 -5.45510967636754 0.0 0.825173979119575 -0.584905781305828 0.0 
6.53985088315399 -5.4609587341806 0.0 0.825067997229075 -0.584817266560251 0.0 
6.54810156312628 -5.4668069068462 0.0 0.824962257737714 -0.584728971122142 0.0 
6.55635118570366 -5.47265419655742 0.0 0.824856759784423 -0.58464089415294 0.0 
6.5645997533015 -5.47850060549895 0.0 0.824751502512302 -0.58455303481843 0.0 
6.57284726832663 -5.48434613584714 0.0 0.824646485068601 -0.584465392288721 0.0 
6.58109373317731 -5.49019078977003 0.0 0.824541706604686 -0.584377965738212 0.0 
6.58933915024336 -5.49603456942741 0.0 0.824437166276019 -0.584290754345566 0.0 
6.59758352190612 -5.50187747697086 0.0 0.824332863242134 -0.584203757293682 0.0 
6.60582685053854 -5.5077195145438 0.0 0.824228796666606 -0.584116973769669 0.0 
6.61406913850521 -5.5135606842815 0.0 0.824124965717033 -0.584030402964815 0.0 
6.62231038816238 -5.51940098831115 0.0 0.824021369565008 -0.583944044074564 0.0 
6.63055060185803 -5.52524042875189 0.0 0.823918007386094 -0.583857896298484 0.0 
6.63878978193189 -5.53107900771488 0.0 0.823814878359803 -0.583771958840246 0.0 
6.64702793071549 -5.53691672730328 0.0 0.823711981669568 -0.583686230907593 0.0 
6.65526505053218 -5.54275358961235 0.0 0.823609316502723 -0.583600711712317 0.0 
6.66350114369721 -5.54858959672948 0.0 0.823506882050477 -0.583515400470228 0.0 
6.67173621251771 -5.55442475073418 0.0 0.823404677507891 -0.583430296401136 0.0 
6.67997025929279 -5.56025905369819 0.0 0.823302702073855 -0.583345398728816 0.0 
6.68820328631353 -5.56609250768548 0.0 0.823200954951065 -0.583260706680989 0.0 
6.69643529586304 -5.57192511475229 0.0 0.823099435346 -0.583176219489295 0.0 
6.7046662902165 -5.57775687694718 0.0 0.822998142468897 -0.583091936389267 0.0 
6.71289627164119 -5.58358779631108 0.0 0.822897075533734 -0.583007856620307 0.0 
6.72112524239653 -5.58941787487728 0.0 0.822796233758202 -0.58292397942566 0.0 
6.72935320473411 -5.59524711467154 0.0 0.822695616363684 -0.582840304052392 0.0 
6.73758016089775 -5.60107551771206 0.0 0.822595222575235 -0.582756829751361 0.0 
6.7458061131235 -5.60690308600957 0.0 0.822495051621557 -0.5826735557772 0.0 
6.75403106363971 -5.61272982156734 0.0 0.822395102734982 -0.582590481388285 0.0 
6.76225501466706 -5.61855572638123 0.0 0.822295375151442 -0.582507605846717 0.0 
6.77047796841858 -5.62438080243969 0.0 0.822195868110458 -0.582424928418296 0.0 
6.77869992709968 -5.63020505172388 0.0 0.822096580855109 -0.582342448372498 0.0 
6.78692089290823 -5.6360284762076 0.0 0.821997512632019 -0.582260164982452 0.0 
6.79514086803455 -5.64185107785743 0.0 0.82189866269133 -0.582178077524916 0.0 
6.80335985466147 -5.64767285863268 0.0 0.821800030286682 -0.582096185280255 0.0 
6.81157785496433 -5.65349382048548 0.0 0.821701614675196 -0.582014487532417 0.0 
6.81979487111109 -5.6593139653608 0.0 0.821603415117451 -0.581932983568914 0.0 
6.82801090526226 -5.66513329519649 0.0 0.821505430877461 -0.581851672680795 0.0 
6.83622595957103 -5.6709518119233 0.0 0.821407661222659 -0.581770554162626 0.0 
6.84444003618326 -5.67676951746493 0.0 0.821310105423875 -0.581689627312468 0.0 
6.8526531372375 -5.68258641373805 0.0 0.821212762755317 -0.581608891431856 0.0 
6.86086526486505 -5.68840250265237 0.0 0.821115632494548 -0.581528345825774 0.0 
6.86907642119 -5.69421778611063 0.0 0.821018713922471 -0.581447989802638 0.0 
6.87728660832922 -5.70003226600865 0.0 0.820922006323304 -0.58136782267427 0.0 
6.88549582839246 -5.7058459442354 0.0 0.820825508984568 -0.581287843755881 0.0 
6.8937040834823 -5.71165882267296 0.0 0.820729221197058 -0.581208052366047 0.0 
6.90191137569427 -5.71747090319662 0.0 0.820633142254833 -0.58112844782669 0.0 
6.91011770711682 -5.72328218767488 0.0 0.820537271455192 -0.581049029463055 0.0 
6.91832307983137 -5.72909267796951 0.0 0.820441608098656 -0.580969796603691 0.0 
6.92652749591236 -5.73490237593555 0.0 0.820346151488949 -0.580890748580431 0.0 
6.93473095742725 -5.74071128342135 0.0 0.820250900932981 -0.58081188472837 0.0 
6.94293346643658 -5.74651940226864 0.0 0.820155855740828 -0.580733204385848 0.0 
6.95113502499399 -5.7523267343125 0.0 0.820061015225712 -0.580654706894425 0.0 
6.95933563514624 -5.75813328138144 0.0 0.819966378703989 -0.580576391598866 0.0 
6.96753529893328 -5.76393904529743 0.0 0.819871945495122 -0.580498257847119 0.0 
6.97573401838823 -5.7697440278759 0.0 0.819777714921671 -0.580420304990295 0.0 
6.98393179553745 -5.7755482309258 0.0 0.819683686309271 -0.58034253238265 0.0 
6.99212863240054 -5.78135165624963 0.0 0.819589858986614 -0.580264939381566 0.0 
7.00032453099041 -5.78715430564345 0.0 0.819496232285434 -0.580187525347529 0.0 
7.00851949331326 -5.79295618089692 0.0 0.819402805540488 -0.580110289644115 0.0 
7.01671352136867 -5.79875728379336 0.0 0.819309578089537 -0.580033231637965 0.0 
7.02490661714956 -5.80455761610974 0.0 0.819216549273332 -0.579956350698772 0.0 
7.0330987826423 -5.81035717961673 0.0 0.819123718435595 -0.579879646199259 0.0 
7.04129001982665 -5.81615597607872 0.0 0.819031084923003 -0.579803117515162 0.0 
7.04948033067588 -5.82195400725387 0.0 0.81893864808517 -0.579726764025211 0.0 
7.05766971715674 -5.82775127489413 0.0 0.81884640727463 -0.579650585111111 0.0 
7.06585818122948 -5.83354778074524 0.0 0.818754361846822 -0.579574580157528 0.0 
7.07404572484795 -5.83934352654681 0.0 0.818662511160072 -0.579498748552066 0.0 
7.08223234995955 -5.84513851403233 0.0 0.818570854575577 -0.579423089685252 0.0 
7.09041805850531 -5.85093274492919 0.0 0.818479391457391 -0.579347602950518 0.0 
7.09860285241988 -5.85672622095869 0.0 0.818388121172403 -0.579272287744184 0.0 
7.1067867336316 -5.86251894383613 0.0 0.818297043090328 -0.579197143465439 0.0 
7.11496970406251 -5.86831091527079 0.0 0.818206156583686 -0.579122169516325 0.0 
7.12315176562834 -5.87410213696595 0.0 0.818115461027787 -0.57904736530172 0.0 
7.13133292023862 -5.87989261061897 0.0 0.818024955800718 -0.578972730229322 0.0 
7.13951316979663 -5.88568233792126 0.0 0.817934640283323 -0.578898263709627 0.0 
7.14769251619946 -5.89147132055836 0.0 0.817844513859193 -0.578823965155921 0.0 
7.15587096133805 -5.89725956020992 0.0 0.817754575914644 -0.578749833984254 0.0 
7.1640485070972 -5.90304705854976 0.0 0.817664825838707 -0.57867586961343 0.0 
7.17222515535559 -5.90883381724589 0.0 0.817575263023111 -0.57860207146499 0.0 
7.18040090798582 -5.91461983796054 0.0 0.817485886862267 -0.578528438963192 0.0 
7.18857576685444 -5.92040512235018 0.0 0.817396696753254 -0.578454971534997 0.0 
7.19674973382197 -5.92618967206553 0.0 0.817307692095804 -0.578381668610055 0.0 
7.20492281074293 -5.93197348875163 0.0 0.817218872292287 -0.578308529620685 0.0 
7.21309499946585 -5.93775657404783 0.0 0.817130236747696 -0.578235554001864 0.0 
7.22126630183333 -5.94353892958785 0.0 0.817041784869633 -0.578162741191205 0.0 
7.22943671968203 -5.94932055699976 0.0 0.816953516068294 -0.57809009062895 0.0 
7.23760625484271 -5.95510145790605 0.0 0.816865429756456 -0.578017601757945 0.0 
7.24577490914028 -5.96088163392363 0.0 0.816777525349459 -0.577945274023632 0.0 
7.25394268439377 -5.96666108666387 0.0 0.816689802265196 -0.577873106874029 0.0 
7.26210958241642 -5.97243981773261 0.0 0.816602259924097 -0.57780109975972 0.0 
7.27027560501566 -5.97821782873021 0.0 0.816514897749115 -0.577729252133833 0.0 
7.27844075399315 -5.98399512125154 0.0 0.816427715165712 -0.577657563452032 0.0 
7.28660503114481 -5.98977169688606 0.0 0.816340711601846 -0.577586033172497 0.0 
7.29476843826083 -5.99554755721779 0.0 0.816253886487954 -0.577514660755913 0.0 
7.30293097712571 -6.00132270382535 0.0 0.816167239256945 -0.577443445665453 0.0 
7.31109264951828 -6.007097138282 0.0 0.81608076934418 -0.577372387366764 0.0 
7.31925345721172 -6.01287086215567 0.0 0.81599447618746 -0.577301485327953 0.0 
7.3274134019736 -6.01864387700895 0.0 0.815908359227015 -0.577230739019573 0.0 
7.33557248556587 -6.02441618439915 0.0 0.815822417905489 -0.577160147914608 0.0 
7.34373070974492 -6.03018778587829 0.0 0.815736651667928 -0.577089711488459 0.0 
7.3518880762616 -6.03595868299318 0.0 0.815651059961763 -0.57701942921893 0.0 
7.36004458686122 -6.04172887728537 0.0 0.815565642236802 -0.576949300586215 0.0 
7.36820024328359 -6.04749837029123 0.0 0.815480397945214 -0.576879325072884 0.0 
7.37635504726304 -6.05326716354196 0.0 0.815395326541519 -0.576809502163867 0.0 
7.38450900052845 -6.05903525856359 0.0 0.81531042748257 -0.576739831346443 0.0 
7.39266210480328 -6.06480265687706 0.0 0.815225700227546 -0.576670312110227 0.0 
7.40081436180555 -6.07056935999816 0.0 0.815141144237937 -0.576600943947152 0.0 
7.40896577324793 -6.07633536943763 0.0 0.815056758977529 -0.576531726351463 0.0 
7.41711634083771 -6.08210068670115 0.0 0.814972543912397 -0.576462658819697 0.0 
7.42526606627683 -6.08786531328934 0.0 0.814888498510888 -0.576393740850672 0.0 
7.43341495126194 -6.09362925069785 0.0 0.81480462224361 -0.576324971945475 0.0 
7.44156299748438 -6.0993925004173 0.0 0.814720914583421 -0.57625635160745 0.0 
7.44971020663021 -6.10515506393338 0.0 0.814637375005416 -0.576187879342183 0.0 
7.45785658038027 -6.1109169427268 0.0 0.814554002986915 -0.576119554657487 0.0 
7.46600212041013 -6.11667813827338 0.0 0.81447079800745 -0.576051377063395 0.0 
7.47414682839021 -6.12243865204401 0.0 0.814387759548756 -0.575983346072144 0.0 
7.4822907059857 -6.12819848550473 0.0 0.814304887094755 -0.575915461198163 0.0 
7.49043375485664 -6.13395764011671 0.0 0.814222180131548 -0.575847721958058 0.0 
7.49857597665796 -6.13971611733629 0.0 0.814139638147402 -0.575780127870606 0.0 
7.50671737303943 -6.145473918615 0.0 0.814057260632739 -0.575712678456736 0.0 
7.51485794564576 -6.15123104539957 0.0 0.813975047080122 -0.575645373239521 0.0 
7.52299769611656 -6.15698749913196 0.0 0.813892996984247 -0.575578211744164 0.0 
7.5311366260864 -6.1627432812494 0.0 0.813811109841929 -0.575511193497986 0.0 
7.53927473718482 -6.16849839318438 0.0 0.813729385152092 -0.575444318030416 0.0 
7.54741203103634 -6.17425283636469 0.0 0.813647822415759 -0.575377584872977 0.0 
7.5555485092605 -6.18000661221342 0.0 0.813566421136037 -0.575310993559274 0.0 
7.56368417347186 -6.18575972214901 0.0 0.81348518081811 -0.575244543624984 0.0 
7.57181902528004 -6.19151216758526 0.0 0.813404100969227 -0.575178234607844 0.0 
7.57995306628974 -6.19726394993134 0.0 0.81332318109869 -0.575112066047639 0.0 
7.58808629810072 -6.20301507059181 0.0 0.813242420717841 -0.575046037486191 0.0 
7.5962187223079 -6.20876553096668 0.0 0.813161819340058 -0.574980148467345 0.0 
7.6043503405013 -6.21451533245135 0.0 0.813081376480737 -0.574914398536962 0.0 
7.61248115426611 -6.22026447643672 0.0 0.813001091657286 -0.574848787242905 0.0 
7.62061116518268 -6.22601296430915 0.0 0.812920964389112 -0.57478331413503 0.0 
7.62874037482657 -6.2317607974505 0.0 0.812840994197613 -0.574717978765171 0.0 
7.63686878476855 -6.23750797723815 0.0 0.812761180606165 -0.574652780687132 0.0 
7.64499639657461 -6.24325450504502 0.0 0.812681523140111 -0.574587719456678 0.0 
7.65312321180601 -6.24900038223959 0.0 0.812602021326754 -0.574522794631517 0.0 
7.66124923201928 -6.2547456101859 0.0 0.812522674695345 -0.574458005771299 0.0 
7.66937445876623 -6.26049019024362 0.0 0.812443482777073 -0.574393352437596 0.0 
7.677498893594 -6.26623412376799 0.0 0.812364445105053 -0.574328834193899 0.0 
7.68562253804505 -6.27197741210993 0.0 0.81228556121432 -0.5742644506056 0.0 
7.6937453936572 -6.27772005661599 0.0 0.812206830641815 -0.574200201239989 0.0 
